# Spherical Bessel functions via up and down recursion
x        down          up            gsl           rel_up_down   rel_down_gsl  rel_up_gsl   
0.100000  7.271511e-21 -5.646698e+02  7.271511e-21  1.000000e+00  2.069216e-16  1.000000e+00
0.200000  7.441173e-18 -1.371593e-01  7.441173e-18  1.000000e+00  0.000000e+00  1.000000e+00
0.300000  4.286293e-16  3.908256e-04  4.286293e-16  1.000000e+00  1.725400e-16  1.000000e+00
0.400000  7.599905e-15 -3.662896e-04  7.599905e-15  1.000000e+00  1.037988e-16  1.000000e+00
0.500000  7.064124e-14 -2.153573e-05  7.064124e-14  1.000000e+00  2.680115e-16  1.000000e+00
0.600000  4.363467e-13  3.815484e-06  4.363467e-13  9.999998e-01  1.735561e-16  9.999998e-01
0.700000  2.032691e-12 -7.701172e-07  2.032691e-12  1.000000e+00  2.980508e-16  1.000000e+00
0.800000  7.701463e-12 -3.546635e-07  7.701463e-12  1.000000e+00  2.097767e-16  1.000000e+00
0.900000  2.491675e-11  2.769321e-08  2.491675e-11  9.982021e-01  3.241970e-16  9.982021e-01
1.000000  7.116553e-11  4.001015e-08  7.116553e-11  9.964489e-01  3.632292e-16  9.964489e-01
1.100000  1.837427e-10  5.860302e-09  1.837427e-10  9.391988e-01  1.406826e-16  9.391988e-01
1.200000  4.364346e-10 -4.876726e-09  4.364346e-10  1.000000e+00  5.922857e-17  1.000000e+00
1.300000  9.664368e-10 -1.533027e-09  9.664368e-10  1.000000e+00  1.069884e-16  1.000000e+00
1.400000  2.015872e-09  2.260301e-09  2.015872e-09  5.716049e-02  3.077504e-16  5.716049e-02
1.500000  3.993441e-09  3.449675e-09  3.993441e-09  7.305616e-02  0.000000e+00  7.305616e-02
1.600000  7.563022e-09  7.336673e-09  7.563022e-09  1.519154e-02  2.187434e-16  1.519154e-02
1.700000  1.376747e-08  1.372920e-08  1.376747e-08  1.391811e-03  1.802467e-16  1.391811e-03
1.800000  2.419736e-08  2.419953e-08  2.419736e-08  4.502898e-05  2.051085e-16  4.502898e-05
1.900000  4.121588e-08  4.128501e-08  4.121588e-08  8.378973e-04  0.000000e+00  8.378973e-04
2.000000  6.825301e-08  6.834199e-08  6.825301e-08  6.514322e-04  1.939093e-16  6.514322e-04
2.100000  1.101832e-07  1.101869e-07  1.101832e-07  1.680760e-05  0.000000e+00  1.680760e-05
2.200000  1.738026e-07  1.738001e-07  1.738026e-07  7.077831e-06  3.045959e-16  7.077831e-06
2.300000  2.684239e-07  2.684388e-07  2.684239e-07  2.782399e-05  9.861186e-17  2.782399e-05
2.400000  4.066066e-07  4.066092e-07  4.066066e-07  3.090309e-06  6.509923e-17  3.090309e-06
2.500000  6.050436e-07  6.050456e-07  6.050436e-07  1.626307e-06  3.499884e-16  1.626307e-06
2.600000  8.856241e-07  8.856258e-07  8.856241e-07  9.745110e-07  5.977656e-17  9.745110e-07
2.700000  1.276695e-06  1.276698e-06  1.276695e-06  1.259922e-06  8.293218e-17  1.259922e-06
2.800000  1.814543e-06  1.814543e-06  1.814543e-06  2.709449e-08  6.418533e-16  2.709449e-08
2.900000  2.545114e-06  2.545114e-06  2.545114e-06  1.170729e-07  4.992111e-16  1.170729e-07
3.000000  3.526004e-06  3.526003e-06  3.526004e-06  1.411516e-07  7.206739e-16  1.411516e-07
3.100000  4.828719e-06  4.828720e-06  4.828719e-06  2.860831e-08  1.841864e-15  2.860831e-08
3.200000  6.541251e-06  6.541251e-06  6.541251e-06  2.020680e-08  1.100673e-15  2.020680e-08
3.300000  8.770955e-06  8.770955e-06  8.770955e-06  4.141315e-09  3.862900e-16  4.141315e-09
3.400000  1.164777e-05  1.164777e-05  1.164777e-05  1.317649e-08  3.636030e-16  1.317649e-08
3.500000  1.532779e-05  1.532779e-05  1.532779e-05  7.758162e-09  2.210451e-16  7.758162e-09
3.600000  1.999713e-05  1.999713e-05  1.999713e-05  2.575093e-10  2.541464e-16  2.575095e-10
3.700000  2.587622e-05  2.587622e-05  2.587622e-05  3.531740e-10  0.000000e+00  3.531740e-10
3.800000  3.322440e-05  3.322440e-05  3.322440e-05  2.272771e-10  3.059317e-16  2.272774e-10
3.900000  4.234485e-05  4.234485e-05  4.234485e-05  6.968580e-10  8.001284e-17  6.968581e-10
4.000000  5.358987e-05  5.358987e-05  5.358987e-05  3.347041e-10  3.793402e-16  3.347045e-10
4.100000  6.736642e-05  6.736642e-05  6.736642e-05  4.291690e-10  2.011763e-16  4.291692e-10
4.200000  8.414202e-05  8.414202e-05  8.414202e-05  2.355393e-10  1.610673e-16  2.355392e-10
4.300000  1.044508e-04  1.044508e-04  1.044508e-04  4.588330e-11  1.297504e-16  4.588317e-11
4.400000  1.288997e-04  1.288997e-04  1.288997e-04  3.513971e-11  1.051401e-16  3.513981e-11
4.500000  1.581752e-04  1.581752e-04  1.581752e-04  3.453010e-12  8.568050e-17  3.453096e-12
4.600000  1.930493e-04  1.930493e-04  1.930493e-04  1.715789e-11  7.020242e-17  1.715796e-11
4.700000  2.343867e-04  2.343867e-04  2.343867e-04  4.597251e-12  3.469274e-16  4.596904e-12
4.800000  2.831506e-04  2.831506e-04  2.831506e-04  8.304476e-12  9.572662e-17  8.304571e-12
4.900000  3.404099e-04  3.404099e-04  3.404099e-04  4.079097e-12  2.388743e-16  4.079336e-12
5.000000  4.073442e-04  4.073442e-04  4.073442e-04  3.762888e-12  1.330818e-16  3.763021e-12
5.100000  4.852508e-04  4.852508e-04  4.852508e-04  5.346711e-13  1.675735e-16  5.348387e-13
5.200000  5.755489e-04  5.755489e-04  5.755489e-04  2.233022e-12  1.883771e-16  2.233210e-12
5.300000  6.797854e-04  6.797854e-04  6.797854e-04  2.656576e-12  7.974592e-17  2.656656e-12
5.400000  7.996384e-04  7.996384e-04  7.996384e-04  1.987835e-12  1.355866e-16  1.987699e-12
5.500000  9.369210e-04  9.369210e-04  9.369210e-04  5.682416e-13  1.157197e-16  5.681259e-13
5.600000  1.093584e-03  1.093584e-03  1.093584e-03  5.962408e-13  9.914213e-17  5.961416e-13
5.700000  1.271716e-03  1.271716e-03  1.271716e-03  2.734983e-13  0.000000e+00  2.734983e-13
5.800000  1.473545e-03  1.473545e-03  1.473545e-03  8.503386e-13  2.943112e-16  8.500443e-13
5.900000  1.701440e-03  1.701440e-03  1.701440e-03  2.770023e-13  1.274453e-16  2.768749e-13
6.000000  1.957901e-03  1.957901e-03  1.957901e-03  1.956978e-13  2.215029e-16  1.954763e-13
6.100000  2.245565e-03  2.245565e-03  2.245565e-03  6.566341e-15  2.896915e-16  6.856033e-15
6.200000  2.567194e-03  2.567194e-03  2.567194e-03  1.197727e-13  1.266989e-15  1.210397e-13
6.300000  2.925670e-03  2.925670e-03  2.925670e-03  3.424183e-14  5.632855e-15  3.987468e-14
6.400000  3.323985e-03  3.323985e-03  3.323985e-03  5.675452e-14  6.523508e-17  5.668929e-14
6.500000  3.765233e-03  3.765233e-03  3.765233e-03  1.497345e-14  5.183116e-16  1.445513e-14
6.600000  4.252595e-03  4.252595e-03  4.252595e-03  1.121783e-14  2.039606e-16  1.142179e-14
6.700000  4.789324e-03  4.789324e-03  4.789324e-03  6.519714e-15  0.000000e+00  6.519714e-15
6.800000  5.378731e-03  5.378731e-03  5.378731e-03  2.499494e-15  2.418865e-16  2.257608e-15
6.900000  6.024163e-03  6.024163e-03  6.024163e-03  7.918925e-16  3.599511e-16  1.151844e-15
7.000000  6.728985e-03  6.728985e-03  6.728985e-03  1.147204e-14  1.288993e-16  1.160094e-14
7.100000  7.496556e-03  7.496556e-03  7.496556e-03  7.751992e-15  5.785068e-17  7.694141e-15
7.200000  8.330202e-03  8.330202e-03  8.330202e-03  2.186573e-14  1.041225e-16  2.196986e-14
7.300000  9.233193e-03  9.233193e-03  9.233193e-03  6.293948e-15  1.878790e-16  6.481827e-15
7.400000  1.020871e-02  1.020871e-02  1.020871e-02  8.921102e-15  1.699258e-16  9.091028e-15
7.500000  1.125983e-02  1.125983e-02  1.125983e-02  1.771725e-15  1.540630e-16  1.617662e-15
7.600000  1.238946e-02  1.238946e-02  1.238946e-02  3.920449e-15  2.800321e-16  3.640417e-15
7.700000  1.360035e-02  1.360035e-02  1.360035e-02  9.693797e-15  1.913249e-16  9.502472e-15
7.800000  1.489500e-02  1.489500e-02  1.489500e-02  4.250917e-15  1.164635e-16  4.134453e-15
7.900000  1.627570e-02  1.627570e-02  1.627570e-02  1.012545e-14  1.065837e-16  1.001887e-14
8.000000  1.774441e-02  1.774441e-02  1.774441e-02  2.052995e-15  2.932850e-16  1.759710e-15
8.100000  1.930280e-02  1.930280e-02  1.930280e-02  5.751615e-15  1.797380e-16  5.931353e-15
8.200000  2.095216e-02  2.095216e-02  2.095216e-02  2.566629e-15  1.655890e-16  2.732218e-15
8.300000  2.269338e-02  2.269338e-02  2.269338e-02  1.528837e-15  3.057673e-16  1.223069e-15
8.400000  2.452691e-02  2.452691e-02  2.452691e-02  1.838911e-15  2.829094e-16  1.556002e-15
8.500000  2.645274e-02  2.645274e-02  2.645274e-02  2.951020e-15  3.934693e-16  2.557550e-15
8.600000  2.847034e-02  2.847034e-02  2.847034e-02  2.437236e-16  0.000000e+00  2.437236e-16
8.700000  3.057865e-02  3.057865e-02  3.057865e-02  3.403794e-16  5.672990e-17  3.971093e-16
8.800000  3.277602e-02  3.277602e-02  3.277602e-02  1.376092e-15  3.175597e-16  1.058532e-15
8.900000  3.506020e-02  3.506020e-02  3.506020e-02  2.177050e-15  9.895684e-17  2.078094e-15
9.000000  3.742834e-02  3.742834e-02  3.742834e-02  3.707829e-16  4.634786e-16  9.269573e-17
9.100000  3.987688e-02  3.987688e-02  3.987688e-02  3.480159e-16  8.700397e-17  4.350198e-16
9.200000  4.240163e-02  4.240163e-02  4.240163e-02  1.309175e-15  6.545874e-16  6.545874e-16
9.300000  4.499769e-02  4.499769e-02  4.499769e-02  1.542056e-16  3.084111e-16  4.626167e-16
9.400000  4.765945e-02  4.765945e-02  4.765945e-02  5.095764e-16  0.000000e+00  5.095764e-16
9.500000  5.038057e-02  5.038057e-02  5.038057e-02  2.203673e-15  3.098915e-15  8.952421e-16
9.600000  5.315403e-02  5.315403e-02  5.315403e-02  1.305431e-16  1.370703e-15  1.240160e-15
9.700000  5.597205e-02  5.597205e-02  5.597205e-02  4.958828e-16  6.198535e-17  5.578682e-16
9.800000  5.882614e-02  5.882614e-02  5.882614e-02  2.359119e-16  2.948899e-16  5.897798e-17
9.900000  6.170714e-02  6.170714e-02  6.170714e-02  5.622440e-17  6.746929e-16  7.309173e-16
10.000000  6.460515e-02  6.460515e-02  6.460515e-02  1.074046e-16  1.074046e-16  2.148093e-16
10.100000  6.750966e-02  6.750966e-02  6.750966e-02  1.027837e-16  4.111349e-16  3.083511e-16
10.200000  7.040949e-02  7.040949e-02  7.040949e-02  0.000000e+00  9.855054e-17  9.855054e-17
10.300000  7.329287e-02  7.329287e-02  7.329287e-02  5.680411e-16  1.893470e-16  3.786941e-16
10.400000  7.614748e-02  7.614748e-02  7.614748e-02  4.556221e-16  9.112441e-17  3.644976e-16
10.500000  7.896045e-02  7.896045e-02  7.896045e-02  8.787809e-17  8.787809e-17  0.000000e+00
10.600000  8.171851e-02  8.171851e-02  8.171851e-02  1.698243e-16  1.698243e-16  0.000000e+00
10.700000  8.440794e-02  8.440794e-02  8.440794e-02  8.220665e-17  2.466200e-16  1.644133e-16
10.800000  8.701470e-02  8.701470e-02  8.701470e-02  0.000000e+00  1.594879e-16  1.594879e-16
10.900000  8.952449e-02  8.952449e-02  8.952449e-02  7.750833e-17  0.000000e+00  7.750833e-17
11.000000  9.192281e-02  9.192281e-02  9.192281e-02  3.019444e-16  1.509722e-16  1.509722e-16
11.100000  9.419506e-02  9.419506e-02  9.419506e-02  0.000000e+00  7.366516e-17  7.366516e-17
11.200000  9.632661e-02  9.632661e-02  9.632661e-02  7.203507e-17  0.000000e+00  7.203507e-17
11.300000  9.830288e-02  9.830288e-02  9.830288e-02  0.000000e+00  7.058688e-17  7.058688e-17
11.400000  1.001095e-01  1.001095e-01  1.001095e-01  1.386261e-16  6.931306e-17  2.079392e-16
11.500000  1.017322e-01  1.017322e-01  1.017322e-01  1.364149e-16  4.092446e-16  2.728298e-16
11.600000  1.031573e-01  1.031573e-01  1.031573e-01  2.017955e-16  2.690607e-16  4.708563e-16
11.700000  1.043713e-01  1.043713e-01  1.043713e-01  1.329655e-16  1.329655e-16  0.000000e+00
11.800000  1.053616e-01  1.053616e-01  1.053616e-01  6.585793e-17  0.000000e+00  6.585793e-17
11.900000  1.061158e-01  1.061158e-01  1.061158e-01  1.307797e-16  1.961696e-16  6.538985e-17
12.000000  1.066225e-01  1.066225e-01  1.066225e-01  6.507906e-17  6.507906e-17  0.000000e+00
12.100000  1.068713e-01  1.068713e-01  1.068713e-01  1.298551e-16  6.492756e-17  6.492756e-17
12.200000  1.068525e-01  1.068525e-01  1.068525e-01  5.195121e-16  5.195121e-16  0.000000e+00
12.300000  1.065575e-01  1.065575e-01  1.065575e-01  1.302376e-16  6.511880e-17  6.511880e-17
12.400000  1.059788e-01  1.059788e-01  1.059788e-01  1.244013e-15  1.178538e-15  6.547435e-17
12.500000  1.051103e-01  1.051103e-01  1.051103e-01  6.667550e-15  6.469504e-15  1.980460e-16
12.600000  1.039470e-01  1.039470e-01  1.039470e-01  4.672789e-16  6.007871e-16  1.335083e-16
12.700000  1.024855e-01  1.024855e-01  1.024855e-01  1.354123e-16  1.354123e-16  0.000000e+00
12.800000  1.007235e-01  1.007235e-01  1.007235e-01  2.755621e-16  6.889052e-17  2.066716e-16
12.900000  9.866054e-02  9.866054e-02  9.866054e-02  1.406620e-16  0.000000e+00  1.406620e-16
13.000000  9.629760e-02  9.629760e-02  9.629760e-02  2.161703e-16  4.323406e-16  2.161703e-16
13.100000  9.363725e-02  9.363725e-02  9.363725e-02  7.410399e-17  7.410399e-17  0.000000e+00
13.200000  9.068374e-02  9.068374e-02  9.068374e-02  2.295525e-16  0.000000e+00  2.295525e-16
13.300000  8.744298e-02  8.744298e-02  8.744298e-02  7.935335e-17  7.935335e-17  0.000000e+00
13.400000  8.392256e-02  8.392256e-02  8.392256e-02  8.268211e-17  7.441390e-16  6.614569e-16
13.500000  8.013175e-02  8.013175e-02  8.013175e-02  8.659357e-17  5.195614e-16  6.061550e-16
13.600000  7.608152e-02  7.608152e-02  7.608152e-02  3.648136e-16  6.384239e-16  2.736102e-16
13.700000  7.178450e-02  7.178450e-02  7.178450e-02  0.000000e+00  9.666285e-17  9.666285e-17
13.800000  6.725494e-02  6.725494e-02  6.725494e-02  0.000000e+00  2.063460e-16  2.063460e-16
13.900000  6.250868e-02  6.250868e-02  6.250868e-02  3.330206e-16  5.550344e-16  8.880551e-16
14.000000  5.756311e-02  5.756311e-02  5.756311e-02  0.000000e+00  3.616323e-16  3.616323e-16
14.100000  5.243707e-02  5.243707e-02  5.243707e-02  0.000000e+00  6.616401e-17  6.616401e-17
14.200000  4.715079e-02  4.715079e-02  4.715079e-02  2.207458e-16  1.471639e-16  7.358194e-17
14.300000  4.172581e-02  4.172581e-02  4.172581e-02  2.494461e-16  0.000000e+00  2.494461e-16
14.400000  3.618485e-02  3.618485e-02  3.618485e-02  9.588120e-17  4.794060e-16  3.835248e-16
14.500000  3.055173e-02  3.055173e-02  3.055173e-02  2.838994e-16  5.677987e-17  3.406792e-16
14.600000  2.485123e-02  2.485123e-02  2.485123e-02  3.490217e-16  2.094130e-16  5.584346e-16
14.700000  1.910895e-02  1.910895e-02  1.910895e-02  3.631227e-16  7.262455e-16  3.631227e-16
14.800000  1.335119e-02  1.335119e-02  1.335119e-02  8.445466e-16  5.197210e-16  1.364268e-15
14.900000  7.604792e-03  7.604792e-03  7.604792e-03  1.824874e-15  3.022448e-15  1.197574e-15
15.000000  1.896979e-03  1.896979e-03  1.896979e-03  4.743794e-15  8.401660e-15  3.657865e-15
15.100000 -3.744800e-03 -3.744800e-03 -3.744800e-03  1.505515e-15  1.910846e-15  3.416360e-15
15.200000 -9.293040e-03 -9.293040e-03 -9.293040e-03  1.866691e-16  1.960026e-15  1.773357e-15
15.300000 -1.472035e-02 -1.472035e-02 -1.472035e-02  8.838394e-16  2.356905e-16  6.481489e-16
15.400000 -1.999963e-02 -1.999963e-02 -1.999963e-02  5.204266e-16  8.673777e-16  3.469511e-16
15.500000 -2.510425e-02 -2.510425e-02 -2.510425e-02  2.073024e-16  1.382016e-16  3.455040e-16
15.600000 -3.000821e-02 -3.000821e-02 -3.000821e-02  3.006032e-15  3.179457e-15  1.734249e-16
15.700000 -3.468633e-02 -3.468633e-02 -3.468633e-02  1.920451e-14  1.940456e-14  2.000470e-16
15.800000 -3.911442e-02 -3.911442e-02 -3.911442e-02  1.330499e-15  1.596599e-15  2.660998e-16
15.900000 -4.326946e-02 -4.326946e-02 -4.326946e-02  3.207294e-16  8.018235e-16  4.810941e-16
16.000000 -4.712975e-02 -4.712975e-02 -4.712975e-02  7.361480e-16  5.889184e-16  1.472296e-16
16.100000 -5.067506e-02 -5.067506e-02 -5.067506e-02  6.161813e-16  5.477167e-16  6.846459e-17
16.200000 -5.388681e-02 -5.388681e-02 -5.388681e-02  5.150718e-16  6.438398e-17  4.506879e-16
16.300000 -5.674819e-02 -5.674819e-02 -5.674819e-02  1.834127e-16  1.834127e-16  0.000000e+00
16.400000 -5.924431e-02 -5.924431e-02 -5.924431e-02  3.513702e-16  4.099319e-16  5.856169e-17
16.500000 -6.136230e-02 -6.136230e-02 -6.136230e-02  0.000000e+00  1.696211e-16  1.696211e-16
16.600000 -6.309146e-02 -6.309146e-02 -6.309146e-02  1.099815e-16  0.000000e+00  1.099815e-16
16.700000 -6.442329e-02 -6.442329e-02 -6.442329e-02  1.077079e-16  1.077079e-16  0.000000e+00
16.800000 -6.535164e-02 -6.535164e-02 -6.535164e-02  0.000000e+00  1.061778e-16  1.061778e-16
16.900000 -6.587275e-02 -6.587275e-02 -6.587275e-02  0.000000e+00  1.053379e-16  1.053379e-16
17.000000 -6.598529e-02 -6.598529e-02 -6.598529e-02  1.051582e-16  0.000000e+00  1.051582e-16
17.100000 -6.569041e-02 -6.569041e-02 -6.569041e-02  1.056302e-16  2.112605e-16  1.056302e-16
17.200000 -6.499178e-02 -6.499178e-02 -6.499178e-02  0.000000e+00  0.000000e+00  0.000000e+00
17.300000 -6.389554e-02 -6.389554e-02 -6.389554e-02  1.085975e-16  1.085975e-16  0.000000e+00
17.400000 -6.241033e-02 -6.241033e-02 -6.241033e-02  0.000000e+00  1.111818e-16  1.111818e-16
17.500000 -6.054724e-02 -6.054724e-02 -6.054724e-02  5.730149e-17  1.146030e-16  5.730149e-17
17.600000 -5.831975e-02 -5.831975e-02 -5.831975e-02  1.189802e-16  1.189802e-16  0.000000e+00
17.700000 -5.574367e-02 -5.574367e-02 -5.574367e-02  0.000000e+00  0.000000e+00  0.000000e+00
17.800000 -5.283707e-02 -5.283707e-02 -5.283707e-02  1.313262e-16  0.000000e+00  1.313262e-16
17.900000 -4.962014e-02 -4.962014e-02 -4.962014e-02  1.398403e-16  1.398403e-16  0.000000e+00
18.000000 -4.611513e-02 -4.611513e-02 -4.611513e-02  7.523447e-17  7.523447e-17  0.000000e+00
18.100000 -4.234612e-02 -4.234612e-02 -4.234612e-02  0.000000e+00  4.096535e-16  4.096535e-16
18.200000 -3.833898e-02 -3.833898e-02 -3.833898e-02  9.049398e-17  9.049398e-17  1.809880e-16
18.300000 -3.412113e-02 -3.412113e-02 -3.412113e-02  0.000000e+00  2.033606e-16  2.033606e-16
18.400000 -2.972139e-02 -2.972139e-02 -2.972139e-02  0.000000e+00  7.003939e-16  7.003939e-16
18.500000 -2.516979e-02 -2.516979e-02 -2.516979e-02  0.000000e+00  6.202877e-16  6.202877e-16
18.600000 -2.049737e-02 -2.049737e-02 -2.049737e-02  8.463151e-17  8.463151e-17  1.692630e-16
18.700000 -1.573598e-02 -1.573598e-02 -1.573598e-02  2.204786e-16  2.204786e-16  4.409572e-16
18.800000 -1.091804e-02 -1.091804e-02 -1.091804e-02  5.561009e-16  7.944298e-17  4.766579e-16
18.900000 -6.076353e-03 -6.076353e-03 -6.076353e-03  1.641554e-15  2.283901e-15  6.423471e-16
19.000000 -1.243850e-03 -1.243850e-03 -1.243850e-03  2.109393e-14  2.065811e-14  4.358250e-16
19.100000  3.546623e-03  3.546623e-03  3.546623e-03  3.729539e-15  5.258038e-15  1.528499e-15
19.200000  8.262542e-03  8.262542e-03  8.262542e-03  1.049752e-15  5.248759e-16  5.248759e-16
19.300000  1.287193e-02  1.287193e-02  1.287193e-02  4.716878e-16  1.078143e-15  1.549831e-15
19.400000  1.734359e-02  1.734359e-02  1.734359e-02  0.000000e+00  7.001471e-16  7.001471e-16
19.500000  2.164732e-02  2.164732e-02  2.164732e-02  8.013571e-17  0.000000e+00  8.013571e-17
19.600000  2.575414e-02  2.575414e-02  2.575414e-02  2.694283e-16  1.279784e-15  1.010356e-15
19.700000  2.963649e-02  2.963649e-02  2.963649e-02  0.000000e+00  3.512002e-16  3.512002e-16
19.800000  3.326845e-02  3.326845e-02  3.326845e-02  1.042864e-16  2.085728e-16  1.042864e-16
19.900000  3.662589e-02  3.662589e-02  3.662589e-02  9.472663e-17  1.894533e-16  9.472663e-17
20.000000  3.968670e-02  3.968670e-02  3.968670e-02  8.742090e-17  0.000000e+00  8.742090e-17
20.100000  4.243092e-02  4.243092e-02  4.243092e-02  0.000000e+00  0.000000e+00  0.000000e+00
20.200000  4.484089e-02  4.484089e-02  4.484089e-02  1.547448e-16  1.547448e-16  0.000000e+00
20.300000  4.690139e-02  4.690139e-02  4.690139e-02  0.000000e+00  4.438393e-16  4.438393e-16
20.400000  4.859976e-02  4.859976e-02  4.859976e-02  2.141645e-16  2.141645e-16  0.000000e+00
20.500000  4.992598e-02  4.992598e-02  4.992598e-02  0.000000e+00  6.949182e-17  6.949182e-17
20.600000  5.087275e-02  5.087275e-02  5.087275e-02  1.363971e-16  1.363971e-16  0.000000e+00
20.700000  5.143556e-02  5.143556e-02  5.143556e-02  6.745230e-17  2.023569e-16  1.349046e-16
20.800000  5.161273e-02  5.161273e-02  5.161273e-02  3.361038e-16  1.344415e-16  2.016623e-16
20.900000  5.140538e-02  5.140538e-02  5.140538e-02  0.000000e+00  0.000000e+00  0.000000e+00
21.000000  5.081747e-02  5.081747e-02  5.081747e-02  0.000000e+00  6.827272e-17  6.827272e-17
21.100000  4.985577e-02  4.985577e-02  4.985577e-02  0.000000e+00  0.000000e+00  0.000000e+00
21.200000  4.852977e-02  4.852977e-02  4.852977e-02  2.144733e-16  9.293843e-16  7.149110e-16
21.300000  4.685166e-02  4.685166e-02  4.685166e-02  1.481035e-16  7.405174e-17  2.221552e-16
21.400000  4.483620e-02  4.483620e-02  4.483620e-02  7.738049e-17  4.642829e-16  3.869024e-16
21.500000  4.250062e-02  4.250062e-02  4.250062e-02  8.163285e-17  0.000000e+00  8.163285e-17
21.600000  3.986452e-02  3.986452e-02  3.986452e-02  1.740619e-16  4.351547e-16  2.610928e-16
21.700000  3.694967e-02  3.694967e-02  3.694967e-02  1.877931e-16  7.511726e-16  5.633794e-16
21.800000  3.377986e-02  3.377986e-02  3.377986e-02  5.135378e-16  5.135378e-16  0.000000e+00
21.900000  3.038075e-02  3.038075e-02  3.038075e-02  1.141989e-15  8.564914e-16  2.854971e-16
22.000000  2.677964e-02  2.677964e-02  2.677964e-02  1.042921e-14  1.055876e-14  1.295554e-16
22.100000  2.300527e-02  2.300527e-02  2.300527e-02  4.524329e-16  1.508110e-16  6.032438e-16
22.200000  1.908759e-02  1.908759e-02  1.908759e-02  2.726468e-16  1.817645e-16  4.544113e-16
22.300000  1.505755e-02  1.505755e-02  1.505755e-02  2.592139e-15  1.728093e-15  8.640465e-16
22.400000  1.094684e-02  1.094684e-02  1.094684e-02  5.546379e-16  1.030042e-15  1.584680e-15
22.500000  6.787645e-03  6.787645e-03  6.787645e-03  3.322420e-15  4.216917e-15  8.944976e-16
22.600000  2.612412e-03  2.612412e-03  2.612412e-03  8.300393e-16  8.300393e-17  7.470354e-16
22.700000 -1.546416e-03 -1.546416e-03 -1.546416e-03  2.734315e-15  1.661622e-14  1.388191e-14
22.800000 -5.656648e-03 -5.656648e-03 -5.656648e-03  4.600048e-16  0.000000e+00  4.600048e-16
22.900000 -9.686598e-03 -9.686598e-03 -9.686598e-03  1.701307e-15  2.865358e-15  1.164052e-15
23.000000 -1.360533e-02 -1.360533e-02 -1.360533e-02  1.275032e-16  2.550065e-16  1.275032e-16
23.100000 -1.738289e-02 -1.738289e-02 -1.738289e-02  2.993846e-16  9.979487e-17  3.991795e-16
23.200000 -2.099057e-02 -2.099057e-02 -2.099057e-02  1.652860e-16  6.611438e-16  4.958579e-16
23.300000 -2.440109e-02 -2.440109e-02 -2.440109e-02  7.109204e-17  1.421841e-16  7.109204e-17
23.400000 -2.758885e-02 -2.758885e-02 -2.758885e-02  6.287771e-17  5.030217e-16  4.401439e-16
23.500000 -3.053008e-02 -3.053008e-02 -3.053008e-02  2.272806e-16  7.954819e-16  5.682014e-16
23.600000 -3.320309e-02 -3.320309e-02 -3.320309e-02  4.179667e-16  2.089834e-16  2.089834e-16
23.700000 -3.558838e-02 -3.558838e-02 -3.558838e-02  0.000000e+00  4.874409e-16  4.874409e-16
23.800000 -3.766883e-02 -3.766883e-02 -3.766883e-02  1.842078e-16  6.447274e-16  4.605196e-16
23.900000 -3.942980e-02 -3.942980e-02 -3.942980e-02  2.639714e-16  4.399524e-16  1.759810e-16
24.000000 -4.085926e-02 -4.085926e-02 -4.085926e-02  8.491213e-17  2.547364e-16  1.698243e-16
24.100000 -4.194789e-02 -4.194789e-02 -4.194789e-02  8.270849e-17  8.270849e-17  1.654170e-16
24.200000 -4.268912e-02 -4.268912e-02 -4.268912e-02  0.000000e+00  4.063620e-16  4.063620e-16
24.300000 -4.307920e-02 -4.307920e-02 -4.307920e-02  8.053648e-17  3.221459e-16  2.416094e-16
24.400000 -4.311721e-02 -4.311721e-02 -4.311721e-02  8.046547e-17  8.046547e-17  1.609309e-16
24.500000 -4.280508e-02 -4.280508e-02 -4.280508e-02  8.105222e-17  4.052611e-16  3.242089e-16
24.600000 -4.214754e-02 -4.214754e-02 -4.214754e-02  1.646334e-16  8.231672e-17  2.469501e-16
24.700000 -4.115209e-02 -4.115209e-02 -4.115209e-02  9.273871e-16  1.180311e-15  2.529238e-16
24.800000 -3.982894e-02 -3.982894e-02 -3.982894e-02  3.484348e-16  5.226522e-16  1.742174e-16
24.900000 -3.819090e-02 -3.819090e-02 -3.819090e-02  9.084487e-17  9.084487e-17  0.000000e+00
25.000000 -3.625329e-02 -3.625329e-02 -3.625329e-02  9.570021e-17  1.914004e-16  9.570021e-17
25.100000 -3.403379e-02 -3.403379e-02 -3.403379e-02  1.192713e-14  1.192713e-14  0.000000e+00
25.200000 -3.155230e-02 -3.155230e-02 -3.155230e-02  9.786317e-15  9.566399e-15  2.199172e-16
25.300000 -2.883077e-02 -2.883077e-02 -2.883077e-02  2.286428e-15  2.466936e-15  1.805075e-16
25.400000 -2.589303e-02 -2.589303e-02 -2.589303e-02  2.009873e-16  3.349789e-16  1.339915e-16
25.500000 -2.276454e-02 -2.276454e-02 -2.276454e-02  0.000000e+00  6.858259e-16  6.858259e-16
25.600000 -1.947223e-02 -1.947223e-02 -1.947223e-02  1.069044e-15  1.514480e-15  4.454352e-16
25.700000 -1.604426e-02 -1.604426e-02 -1.604426e-02  9.730904e-16  1.621817e-15  6.487269e-16
25.800000 -1.250975e-02 -1.250975e-02 -1.250975e-02  6.933486e-16  4.160091e-16  2.773394e-16
25.900000 -8.898596e-03 -8.898596e-03 -8.898596e-03  2.924152e-16  5.848305e-16  8.772457e-16
26.000000 -5.241172e-03 -5.241172e-03 -5.241172e-03  1.903135e-15  7.943521e-15  6.040386e-15
26.100000 -1.568097e-03 -1.568097e-03 -1.568097e-03  1.057861e-14  1.389739e-14  3.318780e-15
26.200000  2.090021e-03  2.090021e-03  2.090021e-03  3.008761e-15  1.203504e-14  9.026283e-15
26.300000  5.702841e-03  5.702841e-03  5.702841e-03  2.965812e-15  5.627438e-15  2.661626e-15
26.400000  9.240540e-03  9.240540e-03  9.240540e-03  2.815945e-16  1.314108e-15  1.595702e-15
26.500000  1.267406e-02  1.267406e-02  1.267406e-02  1.368720e-16  1.505592e-15  1.368720e-15
26.600000  1.597535e-02  1.597535e-02  1.597535e-02  0.000000e+00  1.085875e-16  1.085875e-16
26.700000  1.911758e-02  1.911758e-02  1.911758e-02  5.444382e-16  1.633315e-15  1.088876e-15
26.800000  2.207540e-02  2.207540e-02  2.207540e-02  3.143270e-16  1.571635e-16  1.571635e-16
26.900000  2.482510e-02  2.482510e-02  2.482510e-02  2.795112e-16  2.096334e-16  6.987781e-17
27.000000  2.734484e-02  2.734484e-02  2.734484e-02  2.537551e-16  3.171939e-16  6.343878e-17
27.100000  2.961482e-02  2.961482e-02  2.961482e-02  0.000000e+00  0.000000e+00  0.000000e+00
27.200000  3.161741e-02  3.161741e-02  3.161741e-02  0.000000e+00  5.486608e-16  5.486608e-16
27.300000  3.333735e-02  3.333735e-02  3.333735e-02  2.081418e-16  3.122126e-16  1.040709e-16
27.400000  3.476179e-02  3.476179e-02  3.476179e-02  1.996127e-16  1.996127e-16  3.992254e-16
27.500000  3.588047e-02  3.588047e-02  3.588047e-02  0.000000e+00  1.933891e-16  1.933891e-16
27.600000  3.668576e-02  3.668576e-02  3.668576e-02  3.782881e-16  4.728601e-16  9.457203e-17
27.700000  3.717271e-02  3.717271e-02  3.717271e-02  7.466654e-16  1.119998e-15  3.733327e-16
27.800000  3.733909e-02  3.733909e-02  3.733909e-02  9.291728e-17  1.858346e-16  2.787519e-16
27.900000  3.718541e-02  3.718541e-02  3.718541e-02  0.000000e+00  9.330130e-17  9.330130e-17
28.000000  3.671489e-02  3.671489e-02  3.671489e-02  2.834910e-16  4.724850e-16  1.889940e-16
28.100000  3.593343e-02  3.593343e-02  3.593343e-02  2.606906e-15  2.896562e-15  2.896562e-16
28.200000  3.484956e-02  3.484956e-02  3.484956e-02  3.285314e-15  3.185759e-15  9.955498e-17
28.300000  3.347433e-02  3.347433e-02  3.347433e-02  6.633279e-15  6.529634e-15  1.036450e-16
28.400000  3.182125e-02  3.182125e-02  3.182125e-02  2.398643e-15  2.071556e-15  3.270877e-16
28.500000  2.990612e-02  2.990612e-02  2.990612e-02  1.798175e-15  1.914186e-15  1.160113e-16
28.600000  2.774692e-02  2.774692e-02  2.774692e-02  6.251951e-17  2.500780e-16  1.875585e-16
28.700000  2.536361e-02  2.536361e-02  2.536361e-02  7.523359e-16  1.094307e-15  3.419709e-16
28.800000  2.277802e-02  2.277802e-02  2.277802e-02  9.900509e-16  1.294682e-15  3.046311e-16
28.900000  2.001359e-02  2.001359e-02  2.001359e-02  1.733546e-16  8.667729e-17  8.667729e-17
29.000000  1.709517e-02  1.709517e-02  1.709517e-02  7.103215e-16  1.014745e-16  6.088470e-16
29.100000  1.404883e-02  1.404883e-02  1.404883e-02  1.296520e-15  8.643469e-16  4.321734e-16
29.200000  1.090164e-02  1.090164e-02  1.090164e-02  1.591250e-16  7.956252e-16  9.547502e-16
29.300000  7.681370e-03  7.681370e-03  7.681370e-03  4.403786e-15  3.161692e-15  1.242093e-15
29.400000  4.416319e-03  4.416319e-03  4.416319e-03  6.972173e-15  9.623563e-15  2.651390e-15
29.500000  1.135024e-03  1.135024e-03  1.135024e-03  2.741492e-14  4.174327e-14  1.432835e-14
29.600000 -2.133969e-03 -2.133969e-03 -2.133969e-03  7.925865e-15  6.503274e-15  1.422591e-15
29.700000 -5.362361e-03 -5.362361e-03 -5.362361e-03  1.124162e-14  1.237387e-14  1.132250e-15
29.800000 -8.522337e-03 -8.522337e-03 -8.522337e-03  5.394081e-15  5.394081e-15  0.000000e+00
29.900000 -1.158681e-02 -1.158681e-02 -1.158681e-02  5.240039e-15  4.940608e-15  2.994308e-16
30.000000 -1.452965e-02 -1.452965e-02 -1.452965e-02  6.865040e-15  6.447168e-15  4.178720e-16
30.100000 -1.732591e-02 -1.732591e-02 -1.732591e-02  8.210094e-15  7.108740e-15  1.101354e-15
30.200000 -1.995204e-02 -1.995204e-02 -1.995204e-02  9.129192e-15  9.129192e-15  0.000000e+00
30.300000 -2.238608e-02 -2.238608e-02 -2.238608e-02  9.918870e-15  1.053880e-14  6.199294e-16
30.400000 -2.460786e-02 -2.460786e-02 -2.460786e-02  1.325300e-14  1.290053e-14  3.524735e-16
30.500000 -2.659915e-02 -2.659915e-02 -2.659915e-02  1.767388e-14  1.773910e-14  6.521726e-17
30.600000 -2.834382e-02 -2.834382e-02 -2.834382e-02  2.368552e-14  2.325710e-14  4.284202e-16
30.700000 -2.982798e-02 -2.982798e-02 -2.982798e-02  3.233563e-14  3.233563e-14  0.000000e+00
30.800000 -3.104008e-02 -3.104008e-02 -3.104008e-02  4.672117e-14  4.688883e-14  1.676597e-16
30.900000 -3.197102e-02 -3.197102e-02 -3.197102e-02  6.869222e-14  6.858370e-14  1.085185e-16
31.000000 -3.261419e-02 -3.261419e-02 -3.261419e-02  1.066976e-13  1.066976e-13  0.000000e+00
31.100000 -3.296556e-02 -3.296556e-02 -3.296556e-02  1.773372e-13  1.773372e-13  0.000000e+00
31.200000 -3.302366e-02 -3.302366e-02 -3.302366e-02  3.306221e-13  3.306221e-13  0.000000e+00
31.300000 -3.278962e-02 -3.278962e-02 -3.278962e-02  7.997067e-13  7.998125e-13  1.058093e-16
31.400000 -3.226714e-02 -3.226714e-02 -3.226714e-02  7.635073e-12  7.634858e-12  2.150452e-16
31.500000 -3.146242e-02 -3.146242e-02 -3.146242e-02  1.907718e-12  1.907718e-12  0.000000e+00
31.600000 -3.038414e-02 -3.038414e-02 -3.038414e-02  1.165669e-12  1.165555e-12  1.141861e-16
31.700000 -2.904336e-02 -2.904336e-02 -2.904336e-02  1.022317e-12  1.022258e-12  5.972875e-17
31.800000 -2.745336e-02 -2.745336e-02 -2.745336e-02  1.037421e-12  1.037358e-12  6.318801e-17
31.900000 -2.562962e-02 -2.562962e-02 -2.562962e-02  1.146369e-12  1.146572e-12  2.030530e-16
32.000000 -2.358957e-02 -2.358957e-02 -2.358957e-02  1.345005e-12  1.345005e-12  0.000000e+00
32.100000 -2.135249e-02 -2.135249e-02 -2.135249e-02  1.658397e-12  1.658641e-12  2.437266e-16
32.200000 -1.893931e-02 -1.893931e-02 -1.893931e-02  2.135052e-12  2.135876e-12  8.243442e-16
32.300000 -1.637243e-02 -1.637243e-02 -1.637243e-02  2.875061e-12  2.874213e-12  8.476318e-16
32.400000 -1.367549e-02 -1.367549e-02 -1.367549e-02  4.069700e-12  4.071032e-12  1.331916e-15
32.500000 -1.087319e-02 -1.087319e-02 -1.087319e-02  6.130695e-12  6.130855e-12  1.595413e-16
32.600000 -7.991053e-03 -7.991053e-03 -7.991053e-03  1.010653e-11  1.011022e-11  3.690415e-15
32.700000 -5.055179e-03 -5.055179e-03 -5.055179e-03  1.956385e-11  1.956539e-11  1.544210e-15
32.800000 -2.092030e-03 -2.092030e-03 -2.092030e-03  5.845361e-11  5.845258e-11  1.036507e-15
32.900000  8.718124e-04  8.718124e-04  8.718124e-04  1.749991e-10  1.749931e-10  6.031550e-15
33.000000  3.809887e-03  3.809887e-03  3.809887e-03  5.040893e-11  5.040483e-11  4.097894e-15
33.100000  6.696084e-03  6.696084e-03  6.696084e-03  3.642329e-11  3.642187e-11  1.424859e-15
33.200000  9.504881e-03  9.504881e-03  9.504881e-03  3.287611e-11  3.287529e-11  8.212892e-16
33.300000  1.221156e-02  1.221156e-02  1.221156e-02  3.309126e-11  3.309112e-11  1.420558e-16
33.400000  1.479244e-02  1.479244e-02  1.479244e-02  3.567387e-11  3.567593e-11  2.052241e-15
33.500000  1.722507e-02  1.722507e-02  1.722507e-02  4.044009e-11  4.043888e-11  1.208511e-15
33.600000  1.948843e-02  1.948843e-02  1.948843e-02  4.775084e-11  4.775173e-11  8.901298e-16
33.700000  2.156312e-02  2.156312e-02  2.156312e-02  5.845713e-11  5.845592e-11  1.206730e-15
33.800000  2.343150e-02  2.343150e-02  2.343150e-02  7.407033e-11  7.407026e-11  7.403383e-17
33.900000  2.507788e-02  2.507788e-02  2.507788e-02  9.722756e-11  9.722756e-11  0.000000e+00
34.000000  2.648865e-02  2.648865e-02  2.648865e-02  1.327032e-10  1.327032e-10  6.548932e-17
34.100000  2.765234e-02  2.765234e-02  2.765234e-02  1.898021e-10  1.898022e-10  1.254667e-16
34.200000  2.855977e-02  2.855977e-02  2.855977e-02  2.888105e-10  2.888105e-10  0.000000e+00
34.300000  2.920413e-02  2.920413e-02  2.920413e-02  4.826303e-10  4.826303e-10  5.939993e-17
34.400000  2.958098e-02  2.958098e-02  2.958098e-02  9.608958e-10  9.608959e-10  1.172864e-16
34.500000  2.968830e-02  2.968830e-02  2.968830e-02  3.241333e-09  3.241333e-09  5.843121e-17
34.600000  2.952655e-02  2.952655e-02  2.952655e-02  5.467055e-09  5.467055e-09  5.875132e-17
34.700000  2.909856e-02  2.909856e-02  2.909856e-02  2.053565e-09  2.053565e-09  0.000000e+00
34.800000  2.840959e-02  2.840959e-02  2.840959e-02  1.537868e-09  1.537868e-09  1.221224e-16
34.900000  2.746722e-02  2.746722e-02  2.746722e-02  1.404421e-09  1.404421e-09  1.263123e-16
35.000000  2.628126e-02  2.628126e-02  2.628126e-02  1.419952e-09  1.419952e-09  6.600609e-17
35.100000  2.486372e-02  2.486372e-02  2.486372e-02  1.533686e-09  1.533686e-09  0.000000e+00
35.200000  2.322861e-02  2.322861e-02  2.322861e-02  1.740663e-09  1.740663e-09  7.468048e-17
35.300000  2.139186e-02  2.139186e-02  2.139186e-02  2.058989e-09  2.058989e-09  8.109270e-17
35.400000  1.937115e-02  1.937115e-02  1.937115e-02  2.529236e-09  2.529238e-09  1.253727e-15
35.500000  1.718575e-02  1.718575e-02  1.718575e-02  3.225273e-09  3.225274e-09  8.075171e-16
35.600000  1.485633e-02  1.485633e-02  1.485633e-02  4.281397e-09  4.281398e-09  1.284433e-15
35.700000  1.240478e-02  1.240478e-02  1.240478e-02  5.956915e-09  5.956917e-09  2.027725e-15
35.800000  9.853992e-03  9.853992e-03  9.853992e-03  8.808158e-09  8.808157e-09  1.408342e-15
35.900000  7.227650e-03  7.227650e-03  7.227650e-03  1.424810e-08  1.424810e-08  1.440073e-15
36.000000  4.550027e-03  4.550027e-03  4.550027e-03  2.710799e-08  2.710799e-08  4.861009e-15
36.100000  1.845750e-03  1.845750e-03  1.845750e-03  8.076701e-08  8.076701e-08  0.000000e+00
36.200000 -8.604253e-04 -8.604249e-04 -8.604249e-04  2.112807e-07  2.112807e-07  1.770409e-14
36.300000 -3.543834e-03 -3.543833e-03 -3.543833e-03  6.311852e-08  6.311852e-08  2.692277e-15
36.400000 -6.180130e-03 -6.180130e-03 -6.180130e-03  4.494601e-08  4.494601e-08  2.806937e-16
36.500000 -8.745507e-03 -8.745506e-03 -8.745506e-03  3.982660e-08  3.982660e-08  8.926019e-16
36.600000 -1.121691e-02 -1.121691e-02 -1.121691e-02  3.934524e-08  3.934524e-08  9.279152e-16
36.700000 -1.357224e-02 -1.357224e-02 -1.357224e-02  4.168062e-08  4.168062e-08  5.751633e-16
36.800000 -1.579057e-02 -1.579057e-02 -1.579057e-02  4.652617e-08  4.652617e-08  1.098582e-16
36.900000 -1.785230e-02 -1.785230e-02 -1.785230e-02  5.426994e-08  5.426994e-08  9.717089e-17
37.000000 -1.973935e-02 -1.973934e-02 -1.973934e-02  6.593496e-08  6.593496e-08  8.788151e-17
37.100000 -2.143532e-02 -2.143531e-02 -2.143531e-02  8.348771e-08  8.348771e-08  0.000000e+00
37.200000 -2.292563e-02 -2.292562e-02 -2.292562e-02  1.106867e-07  1.106867e-07  7.566745e-17
37.300000 -2.419764e-02 -2.419764e-02 -2.419764e-02  1.552946e-07  1.552946e-07  0.000000e+00
37.400000 -2.524078e-02 -2.524077e-02 -2.524077e-02  2.357903e-07  2.357903e-07  6.872706e-17
37.500000 -2.604659e-02 -2.604657e-02 -2.604657e-02  4.083769e-07  4.083769e-07  6.660084e-17
37.600000 -2.660887e-02 -2.660882e-02 -2.660882e-02  9.576345e-07  9.576345e-07  1.303871e-16
37.700000 -2.691675e-02 -2.692354e-02 -2.692354e-02  1.262128e-04  1.262128e-04  1.288629e-16
37.800000 -2.698898e-02 -2.698905e-02 -2.698905e-02  1.327906e-06  1.327906e-06  1.928253e-16
37.900000 -2.680590e-02 -2.680594e-02 -2.680594e-02  8.061488e-07  8.061488e-07  0.000000e+00
38.000000 -2.637708e-02 -2.637711e-02 -2.637711e-02  6.582240e-07  6.582240e-07  1.315325e-16
38.100000 -2.570765e-02 -2.570768e-02 -2.570768e-02  6.114222e-07  6.114222e-07  2.024364e-16
38.200000 -2.480494e-02 -2.480497e-02 -2.480497e-02  6.132074e-07  6.132074e-07  6.993452e-17
38.300000 -2.367836e-02 -2.367839e-02 -2.367839e-02  6.490342e-07  6.490342e-07  7.326189e-17
38.400000 -2.233936e-02 -2.233939e-02 -2.233939e-02  7.166767e-07  7.166767e-07  3.106125e-16
38.500000 -2.080128e-02 -2.080131e-02 -2.080131e-02  8.206509e-07  8.206509e-07  6.671592e-16
38.600000 -1.907924e-02 -1.907928e-02 -1.907928e-02  9.717784e-07  9.717784e-07  1.727515e-15
38.700000 -1.718999e-02 -1.719003e-02 -1.719003e-02  1.189548e-06  1.189548e-06  9.082305e-16
38.800000 -1.515174e-02 -1.515178e-02 -1.515178e-02  1.508071e-06  1.508071e-06  2.862243e-16
38.900000 -1.298398e-02 -1.298404e-02 -1.298404e-02  1.989442e-06  1.989442e-06  3.340109e-16
39.000000 -1.070735e-02 -1.070741e-02 -1.070741e-02  2.755944e-06  2.755944e-06  2.106150e-15
39.100000 -8.343356e-03 -8.343424e-03 -8.343424e-03  4.080001e-06  4.080001e-06  2.287066e-15
39.200000 -5.914252e-03 -5.914331e-03 -5.914331e-03  6.701626e-06  6.701626e-06  2.199814e-15
39.300000 -3.442780e-03 -3.442873e-03 -3.442873e-03  1.352608e-05  1.352608e-05  1.322630e-15
39.400000 -9.519816e-04 -9.520920e-04 -9.520920e-04  5.798901e-05  5.798901e-05  5.010534e-15
39.500000  1.535025e-03  1.534893e-03  1.534893e-03  4.303226e-05  4.303226e-05  6.004143e-15
39.600000  3.995256e-03  3.995097e-03  3.995097e-03  1.997064e-05  1.997064e-05  2.388172e-15
39.700000  6.406074e-03  6.405879e-03  6.405879e-03  1.519846e-05  1.519846e-05  7.447049e-16
39.800000  8.745393e-03  8.745153e-03  8.745153e-03  1.373715e-05  1.373715e-05  1.884458e-15
39.900000  1.099189e-02  1.099159e-02  1.099159e-02  1.365529e-05  1.365529e-05  1.341494e-15
40.000000  1.312518e-02  1.312480e-02  1.312480e-02  1.449457e-05  1.449457e-05  7.930283e-16
40.100000  1.512604e-02  1.512555e-02  1.512555e-02  1.621625e-05  1.621625e-05  1.146883e-16
40.200000  1.697654e-02  1.697590e-02  1.697590e-02  1.902670e-05  1.902670e-05  4.087497e-16
40.300000  1.866025e-02  1.865937e-02  1.865937e-02  2.342507e-05  2.342507e-05  0.000000e+00
40.400000  2.016235e-02  2.016112e-02  2.016112e-02  3.045502e-05  3.045502e-05  3.441721e-16
40.500000  2.146986e-02  2.146804e-02  2.146804e-02  4.246237e-05  4.246237e-05  4.040247e-16
40.600000  2.257185e-02  2.256888e-02  2.256888e-02  6.577844e-05  6.577844e-05  7.686352e-17
40.700000  2.346022e-02  2.345437e-02  2.345437e-02  1.248801e-04  1.248801e-04  0.000000e+00
40.800000  2.414068e-02  2.411725e-02  2.411725e-02  4.854573e-04  4.854573e-04  7.192874e-17
40.900000  2.453378e-02  2.455238e-02  2.455238e-02  3.789513e-04  3.789513e-04  0.000000e+00
41.000000  2.474870e-02  2.475675e-02  2.475675e-02  1.625037e-04  1.625037e-04  0.000000e+00
41.100000  2.472374e-02  2.472950e-02  2.472950e-02  1.163482e-04  1.163482e-04  2.104438e-16
41.200000  2.446708e-02  2.447193e-02  2.447193e-02  9.901061e-05  9.901061e-05  0.000000e+00
41.300000  2.398304e-02  2.398748e-02  2.398748e-02  9.242860e-05  9.242860e-05  0.000000e+00
41.400000  2.327741e-02  2.328168e-02  2.328168e-02  9.170368e-05  9.170368e-05  7.451024e-17
41.500000  2.235784e-02  2.236210e-02  2.236210e-02  9.521833e-05  9.521833e-05  7.757426e-17
41.600000  2.123391e-02  2.123827e-02  2.123827e-02  1.026141e-04  1.026141e-04  3.267165e-16
41.700000  1.991703e-02  1.992158e-02  1.992158e-02  1.142608e-04  1.142608e-04  5.224655e-16
41.800000  1.842034e-02  1.842517e-02  1.842517e-02  1.311864e-04  1.311864e-04  0.000000e+00
41.900000  1.675860e-02  1.676380e-02  1.676380e-02  1.552695e-04  1.552695e-04  5.174016e-16
42.000000  1.494803e-02  1.495370e-02  1.495370e-02  1.897469e-04  1.897469e-04  8.700470e-16
42.100000  1.300618e-02  1.301244e-02  1.301244e-02  2.403219e-04  2.403219e-04  5.999073e-16
42.200000  1.095175e-02  1.095871e-02  1.095871e-02  3.176952e-04  3.176952e-04  1.345519e-15
42.300000  8.804370e-03  8.812193e-03  8.812193e-03  4.440707e-04  4.440707e-04  4.921373e-16
42.400000  6.584487e-03  6.593360e-03  6.593360e-03  6.733207e-04  6.733207e-04  1.249732e-15
42.500000  4.313110e-03  4.323265e-03  4.323265e-03  1.175864e-03  1.175864e-03  1.504699e-15
42.600000  2.011626e-03  2.023356e-03  2.023356e-03  2.906927e-03  2.906927e-03  3.107893e-15
42.700000 -2.984036e-04 -2.847277e-04 -2.847277e-04  2.345247e-02  2.345247e-02  5.454754e-14
42.800000 -2.595462e-03 -2.579358e-03 -2.579358e-03  3.112146e-03  3.112146e-03  7.566085e-15
42.900000 -4.858290e-03 -4.839119e-03 -4.839119e-03  1.976845e-03  1.976845e-03  8.961979e-16
43.000000 -7.066106e-03 -7.043012e-03 -7.043012e-03  1.636755e-03  1.636755e-03  1.416249e-15
43.100000 -9.198842e-03 -9.170643e-03 -9.170643e-03  1.535133e-03  1.535133e-03  1.891605e-15
43.200000 -1.123740e-02 -1.120241e-02 -1.120241e-02  1.559254e-03  1.559254e-03  3.097053e-16
43.300000 -1.316397e-02 -1.311970e-02 -1.311970e-02  1.684122e-03  1.684122e-03  6.611139e-17
43.400000 -1.496243e-02 -1.490504e-02 -1.490504e-02  1.921622e-03  1.921622e-03  2.909626e-16
43.500000 -1.661915e-02 -1.654225e-02 -1.654225e-02  2.319014e-03  2.319014e-03  5.243312e-16
43.600000 -1.812462e-02 -1.801662e-02 -1.801662e-02  2.988265e-03  2.988265e-03  9.628460e-17
43.700000 -1.947843e-02 -1.931503e-02 -1.931503e-02  4.211988e-03  4.211988e-03  8.981209e-17
43.800000 -2.071025e-02 -2.042604e-02 -2.042604e-02  6.909001e-03  6.909001e-03  1.698541e-16
43.900000 -2.205882e-02 -2.134003e-02 -2.134003e-02  1.656224e-02  1.656224e-02  3.251585e-16
44.000000 -1.893321e-02 -2.204926e-02 -2.204926e-02  7.603393e-02  7.603393e-02  3.146996e-16
44.100000 -2.195004e-02 -2.254795e-02 -2.254795e-02  1.343676e-02  1.343676e-02  4.616093e-16
44.200000 -2.246374e-02 -2.283230e-02 -2.283230e-02  8.136514e-03  8.136514e-03  1.519535e-16
44.300000 -2.261390e-02 -2.290055e-02 -2.290055e-02  6.298035e-03  6.298035e-03  0.000000e+00
44.400000 -2.250538e-02 -2.275298e-02 -2.275298e-02  5.470765e-03  5.470765e-03  2.287248e-16
44.500000 -2.216464e-02 -2.239189e-02 -2.239189e-02  5.100390e-03  5.100390e-03  2.324131e-16
44.600000 -2.160444e-02 -2.182159e-02 -2.182159e-02  5.000288e-03  5.000288e-03  3.179830e-16
44.700000 -2.083472e-02 -2.104831e-02 -2.104831e-02  5.099626e-03  5.099626e-03  2.472489e-16
44.800000 -1.986536e-02 -2.008018e-02 -2.008018e-02  5.377865e-03  5.377865e-03  9.502881e-16
44.900000 -1.870718e-02 -1.892715e-02 -1.892715e-02  5.844934e-03  5.844934e-03  3.666106e-16
45.000000 -1.737219e-02 -1.760083e-02 -1.760083e-02  6.537762e-03  6.537762e-03  3.942367e-16
45.100000 -1.587368e-02 -1.611445e-02 -1.611445e-02  7.526715e-03  7.526715e-03  1.184152e-15
45.200000 -1.422620e-02 -1.448267e-02 -1.448267e-02  8.933659e-03  8.933659e-03  5.988962e-16
45.300000 -1.244537e-02 -1.272148e-02 -1.272148e-02  1.097138e-02  1.097138e-02  6.136278e-16
45.400000 -1.054779e-02 -1.084802e-02 -1.084802e-02  1.403195e-02  1.403195e-02  1.679072e-15
45.500000 -8.550829e-03 -8.880400e-03 -8.880400e-03  1.890698e-02  1.890698e-02  1.465072e-15
45.600000 -6.472375e-03 -6.837581e-03 -6.837581e-03  2.743853e-02  2.743853e-02  3.805564e-15
45.700000 -4.330589e-03 -4.739136e-03 -4.739136e-03  4.504515e-02  4.504515e-02  2.745316e-16
45.800000 -2.143567e-03 -2.605094e-03 -2.605094e-03  9.719087e-02  9.719087e-02  1.248556e-15
45.900000  7.105901e-05 -4.557393e-04 -4.557393e-04  1.000000e+00  1.000000e+00  5.721486e-14
46.000000  2.296659e-03  1.688576e-03  1.688576e-03  1.525839e-01  1.525839e-01  1.354790e-14
46.100000  4.518351e-03  3.807627e-03  3.807627e-03  8.536221e-02  8.536221e-02  6.264387e-16
46.200000  6.724151e-03  5.881505e-03  5.881505e-03  6.684670e-02  6.684670e-02  5.530228e-15
46.300000  8.906879e-03  7.890804e-03  7.890804e-03  6.048901e-02  6.048901e-02  1.099206e-15
46.400000  1.106764e-02  9.816803e-03  9.816803e-03  5.989339e-02  5.989339e-02  7.068384e-16
46.500000  1.322292e-02  1.164164e-02  1.164164e-02  6.359565e-02  6.359565e-02  2.235154e-16
46.600000  1.542076e-02  1.334847e-02  1.334847e-02  7.203125e-02  7.203125e-02  9.746752e-16
46.700000  1.778436e-02  1.492164e-02  1.492164e-02  8.752872e-02  8.752872e-02  2.906388e-16
46.800000  2.065878e-02  1.634682e-02  1.634682e-02  1.165220e-01  1.165220e-01  2.122399e-16
46.900000  2.533477e-02  1.761111e-02  1.761111e-02  1.798464e-01  1.798464e-01  5.910100e-16
47.000000  4.305890e-02  1.870320e-02  1.870320e-02  3.943470e-01  3.943470e-01  2.782503e-16
47.100000 -9.531341e-03  1.961346e-02  1.961346e-02  1.000000e+00  1.000000e+00  8.844558e-17
47.200000  1.009207e-02  2.033399e-02  2.033399e-02  3.366166e-01  3.366166e-01  2.559346e-16
47.300000  1.418868e-02  2.085873e-02  2.085873e-02  1.903152e-01  1.903152e-01  3.326613e-16
47.400000  1.597943e-02  2.118351e-02  2.118351e-02  1.400339e-01  1.400339e-01  3.275612e-16
47.500000  1.686751e-02  2.130603e-02  2.130603e-02  1.162722e-01  1.162722e-01  4.885161e-16
47.600000  1.723043e-02  2.122596e-02  2.122596e-02  1.038975e-01  1.038975e-01  2.451795e-16
47.700000  1.721324e-02  2.094485e-02  2.094485e-02  9.779323e-02  9.779323e-02  6.625872e-16
47.800000  1.688504e-02  2.046617e-02  2.046617e-02  9.587705e-02  9.587705e-02  3.390422e-16
47.900000  1.628461e-02  1.979523e-02  1.979523e-02  9.730163e-02  9.730163e-02  5.258003e-16
48.000000  1.543703e-02  1.893918e-02  1.893918e-02  1.018773e-01  1.018773e-01  1.831889e-16
48.100000  1.436065e-02  1.790685e-02  1.790685e-02  1.099002e-01  1.099002e-01  5.812491e-16
48.200000  1.307023e-02  1.670874e-02  1.670874e-02  1.221841e-01  1.221841e-01  1.038213e-15
48.300000  1.157833e-02  1.535687e-02  1.535687e-02  1.402826e-01  1.402826e-01  7.342447e-16
48.400000  9.895838e-03  1.386468e-02  1.386468e-02  1.670353e-01  1.670353e-01  6.255908e-16
48.500000  8.031823e-03  1.224689e-02  1.224689e-02  2.078566e-01  2.078566e-01  1.133169e-15
48.600000  5.992975e-03  1.051934e-02  1.051934e-02  2.741205e-01  2.741205e-01  4.947241e-16
48.700000  3.782419e-03  8.698877e-03  8.698877e-03  3.939060e-01  3.939060e-01  1.495644e-15
48.800000  1.397743e-03  6.803159e-03  6.803159e-03  6.591245e-01  6.591245e-01  1.211193e-15
48.900000 -1.172310e-03  4.850490e-03  4.850490e-03  1.000000e+00  1.000000e+00  2.503472e-15
49.000000 -3.953520e-03  2.859649e-03  2.859649e-03  1.000000e+00  1.000000e+00  2.805623e-15
49.100000 -6.996497e-03  8.497088e-04  8.497088e-04  1.000000e+00  1.000000e+00  2.807132e-14
49.200000 -1.039672e-02 -1.160147e-03 -1.160147e-03  7.992281e-01  7.992281e-01  1.102756e-14
49.300000 -1.433720e-02 -3.150805e-03 -3.150805e-03  6.396609e-01  6.396609e-01  1.376413e-15
49.400000 -1.919078e-02 -5.103406e-03 -5.103406e-03  5.798661e-01  5.798661e-01  4.673829e-15
49.500000 -2.580942e-02 -6.999521e-03 -6.999521e-03  5.733162e-01  5.733162e-01  1.610925e-15
49.600000 -3.657484e-02 -8.821324e-03 -8.821324e-03  6.113626e-01  6.113626e-01  9.832557e-16
49.700000 -6.138157e-02 -1.055176e-02 -1.055176e-02  7.066238e-01  7.066238e-01  0.000000e+00
49.800000 -2.527649e-01 -1.217472e-02 -1.217472e-02  9.080944e-01  9.080944e-01  7.124287e-17
49.900000  8.185355e-02 -1.367514e-02 -1.367514e-02  1.000000e+00  1.000000e+00  6.976877e-16
50.000000  2.634826e-02 -1.503922e-02 -1.503922e-02  1.000000e+00  1.000000e+00  5.767331e-17
50.100000  1.084668e-02 -1.625448e-02 -1.625448e-02  1.000000e+00  1.000000e+00  0.000000e+00
50.200000  3.239687e-03 -1.730991e-02 -1.730991e-02  1.000000e+00  1.000000e+00  1.002156e-16
50.300000 -1.374282e-03 -1.819606e-02 -1.819606e-02  8.595547e-01  8.595547e-01  0.000000e+00
50.400000 -4.464968e-03 -1.890513e-02 -1.890513e-02  6.178905e-01  6.178905e-01  1.835188e-16
50.500000 -6.624207e-03 -1.943102e-02 -1.943102e-02  4.915257e-01  4.915257e-01  5.356558e-16
50.600000 -8.135483e-03 -1.976943e-02 -1.976943e-02  4.169139e-01  4.169139e-01  5.264867e-16
50.700000 -9.151676e-03 -1.991782e-02 -1.991782e-02  3.703588e-01  3.703588e-01  8.709404e-17
50.800000 -9.763116e-03 -1.987550e-02 -1.987550e-02  3.411895e-01  3.411895e-01  4.363974e-16
50.900000 -1.002752e-02 -1.964359e-02 -1.964359e-02  3.240888e-01  3.240888e-01  4.415495e-16
51.000000 -9.984562e-03 -1.922501e-02 -1.922501e-02  3.163500e-01  3.163500e-01  0.000000e+00
51.100000 -9.663552e-03 -1.862446e-02 -1.862446e-02  3.167740e-01  3.167740e-01  1.024564e-15
51.200000 -9.087653e-03 -1.784834e-02 -1.784834e-02  3.252410e-01  3.252410e-01  2.915772e-16
51.300000 -8.276332e-03 -1.690473e-02 -1.690473e-02  3.426542e-01  3.426542e-01  1.334029e-15
51.400000 -7.246774e-03 -1.580325e-02 -1.580325e-02  3.712133e-01  3.712133e-01  0.000000e+00
51.500000 -6.014674e-03 -1.455501e-02 -1.455501e-02  4.151905e-01  4.151905e-01  1.549391e-15
51.600000 -4.594621e-03 -1.317248e-02 -1.317248e-02  4.827945e-01  4.827945e-01  7.243116e-16
51.700000 -3.000182e-03 -1.166936e-02 -1.166936e-02  5.909644e-01  5.909644e-01  8.919378e-16
51.800000 -1.243717e-03 -1.006045e-02 -1.006045e-02  7.799544e-01  7.799544e-01  6.897198e-16
51.900000  6.640811e-04 -8.361533e-03 -8.361533e-03  1.000000e+00  1.000000e+00  1.970915e-15
52.000000  2.714988e-03 -6.589165e-03 -6.589165e-03  1.000000e+00  1.000000e+00  1.908701e-15
52.100000  4.904576e-03 -4.760562e-03 -4.760562e-03  1.000000e+00  1.000000e+00  1.002085e-15
52.200000  7.234363e-03 -2.893412e-03 -2.893412e-03  1.000000e+00  1.000000e+00  1.873570e-15
52.300000  9.715441e-03 -1.005713e-03 -1.005713e-03  1.000000e+00  1.000000e+00  2.156087e-15
52.400000  1.237488e-02  8.844080e-04  8.844080e-04  8.665980e-01  8.665980e-01  1.661104e-14
52.500000  1.526787e-02  2.758861e-03  2.758861e-03  6.939144e-01  6.939144e-01  1.571956e-15
52.600000  1.850255e-02  4.599770e-03  4.599770e-03  6.017916e-01  6.017916e-01  1.225681e-15
52.700000  2.229707e-02  6.389643e-03  6.389643e-03  5.545224e-01  5.545224e-01  2.036174e-16
52.800000  2.713031e-02  8.111534e-03  8.111534e-03  5.396646e-01  5.396646e-01  4.277177e-16
52.900000  3.423646e-02  9.749210e-03  9.749210e-03  5.567097e-01  5.567097e-01  1.156576e-15
53.000000  4.791777e-02  1.128730e-02  1.128730e-02  6.187050e-01  6.187050e-01  5.379084e-16
53.100000  9.984271e-02  1.271143e-02  1.271143e-02  7.741277e-01  7.741277e-01  3.411739e-16
53.200000 -1.219037e-01  1.400838e-02  1.400838e-02  1.000000e+00  1.000000e+00  4.334215e-16
53.300000 -1.780984e-02  1.516618e-02  1.516618e-02  1.000000e+00  1.000000e+00  8.578576e-16
53.400000 -7.070711e-04  1.617425e-02  1.617425e-02  1.000000e+00  1.000000e+00  1.072522e-16
53.500000  6.736700e-03  1.702346e-02  1.702346e-02  4.329416e-01  4.329416e-01  2.038039e-16
53.600000  1.104378e-02  1.770625e-02  1.770625e-02  2.317376e-01  2.317376e-01  9.797240e-17
53.700000  1.387326e-02  1.821666e-02  1.821666e-02  1.353510e-01  1.353510e-01  4.761366e-16
53.800000  1.584031e-02  1.855042e-02  1.855042e-02  7.880355e-02  7.880355e-02  2.805419e-16
53.900000  1.722577e-02  1.870497e-02  1.870497e-02  4.116801e-02  4.116801e-02  8.346720e-16
54.000000  1.817693e-02  1.867945e-02  1.867945e-02  1.363447e-02  1.363447e-02  2.786041e-16
54.100000  1.877978e-02  1.847475e-02  1.847475e-02  8.187769e-03  8.187769e-03  1.877940e-16
54.200000  1.908942e-02  1.809348e-02  1.809348e-02  2.678507e-02  2.678507e-02  9.587563e-16
54.300000  1.914440e-02  1.753991e-02  1.753991e-02  4.373780e-02  4.373780e-02  2.967046e-16
54.400000  1.897406e-02  1.681996e-02  1.681996e-02  6.018038e-02  6.018038e-02  5.156740e-16
54.500000  1.860260e-02  1.594114e-02  1.594114e-02  7.704602e-02  7.704602e-02  0.000000e+00
54.600000  1.805133e-02  1.491243e-02  1.491243e-02  9.522271e-02  9.522271e-02  1.163273e-16
54.700000  1.734009e-02  1.374424e-02  1.374424e-02  1.156805e-01  1.156805e-01  1.262145e-16
54.800000  1.648804e-02  1.244828e-02  1.244828e-02  1.396089e-01  1.396089e-01  9.058044e-16
54.900000  1.551418e-02  1.103742e-02  1.103742e-02  1.686059e-01  1.686059e-01  1.178756e-15
55.000000  1.443760e-02  9.525629e-03  9.525629e-03  2.049797e-01  2.049797e-01  8.195003e-16
55.100000  1.327774e-02  7.927773e-03  7.927773e-03  2.522914e-01  2.522914e-01  1.094080e-16
55.200000  1.205436e-02  6.259501e-03  6.259501e-03  3.164194e-01  3.164194e-01  6.928362e-17
55.300000  1.078763e-02  4.537085e-03  4.537085e-03  4.078736e-01  4.078736e-01  1.242615e-15
55.400000  9.498090e-03  2.777262e-03  2.777262e-03  5.475059e-01  5.475059e-01  5.777702e-15
55.500000  8.206616e-03  9.970743e-04  9.970743e-04  7.833316e-01  7.833316e-01  9.134021e-15
55.600000  6.934379e-03 -7.862992e-04 -7.862992e-04  1.000000e+00  1.000000e+00  7.997429e-15
55.700000  5.702790e-03 -2.555705e-03 -2.555705e-03  1.000000e+00  1.000000e+00  4.411973e-15
55.800000  4.533469e-03 -4.294182e-03 -4.294182e-03  1.000000e+00  1.000000e+00  2.928787e-15
55.900000  3.448222e-03 -5.985122e-03 -5.985122e-03  1.000000e+00  1.000000e+00  2.173795e-16
56.000000  2.469053e-03 -7.612426e-03 -7.612426e-03  1.000000e+00  1.000000e+00  1.424253e-15
56.100000  1.618221e-03 -9.160665e-03 -9.160665e-03  1.000000e+00  1.000000e+00  9.468327e-17
56.200000  9.183536e-04 -1.061522e-02 -1.061522e-02  1.000000e+00  1.000000e+00  9.805113e-16
56.300000  3.926491e-04 -1.196241e-02 -1.196241e-02  1.000000e+00  1.000000e+00  0.000000e+00
56.400000  6.519074e-05 -1.318965e-02 -1.318965e-02  1.000000e+00  1.000000e+00  5.260862e-16
56.500000 -3.857342e-05 -1.428554e-02 -1.428554e-02  9.946142e-01  9.946142e-01  3.642963e-16
56.600000  1.088793e-04 -1.523998e-02 -1.523998e-02  1.000000e+00  1.000000e+00  3.414815e-16
56.700000  5.381909e-04 -1.604426e-02 -1.604426e-02  1.000000e+00  1.000000e+00  2.162422e-16
56.800000  1.284665e-03 -1.669115e-02 -1.669115e-02  1.000000e+00  1.000000e+00  4.157228e-16
56.900000  2.390567e-03 -1.717497e-02 -1.717497e-02  1.000000e+00  1.000000e+00  6.060181e-16
57.000000  3.908615e-03 -1.749159e-02 -1.749159e-02  1.000000e+00  1.000000e+00  4.958735e-16
57.100000  5.907408e-03 -1.763854e-02 -1.763854e-02  1.000000e+00  1.000000e+00  1.966969e-16
57.200000  8.480138e-03 -1.761498e-02 -1.761498e-02  1.000000e+00  1.000000e+00  3.939199e-16
57.300000  1.175911e-02 -1.742171e-02 -1.742171e-02  1.000000e+00  1.000000e+00  1.991450e-16
57.400000  1.594110e-02 -1.706116e-02 -1.706116e-02  1.000000e+00  1.000000e+00  8.134139e-16
57.500000  2.133436e-02 -1.653737e-02 -1.653737e-02  1.000000e+00  1.000000e+00  7.342802e-16
57.600000  2.845233e-02 -1.585593e-02 -1.585593e-02  1.000000e+00  1.000000e+00  1.094053e-15
57.700000  3.821876e-02 -1.502394e-02 -1.502394e-02  1.000000e+00  1.000000e+00  5.773196e-16
57.800000  5.247779e-02 -1.404993e-02 -1.404993e-02  1.000000e+00  1.000000e+00  2.469370e-16
57.900000  7.551068e-02 -1.294374e-02 -1.294374e-02  1.000000e+00  1.000000e+00  6.701011e-16
58.000000  1.200166e-01 -1.171650e-02 -1.171650e-02  1.000000e+00  1.000000e+00  2.220872e-16
58.100000  2.476406e-01 -1.038044e-02 -1.038044e-02  1.000000e+00  1.000000e+00  0.000000e+00
58.200000  6.896947e+00 -8.948796e-03 -8.948796e-03  1.000000e+00  1.000000e+00  2.907749e-16
58.300000 -2.839370e-01 -7.435703e-03 -7.435703e-03  9.489609e-01  9.489609e-01  1.633076e-15
58.400000 -1.405328e-01 -5.856022e-03 -5.856022e-03  9.199936e-01  9.199936e-01  5.924580e-16
58.500000 -9.272716e-02 -4.225213e-03 -4.225213e-03  9.128394e-01  9.128394e-01  3.181877e-15
58.600000 -6.809404e-02 -2.559179e-03 -2.559179e-03  9.275566e-01  9.275566e-01  1.016766e-15
58.700000 -5.261289e-02 -8.741121e-04 -8.741121e-04  9.673150e-01  9.673150e-01  1.606249e-14
58.800000 -4.168170e-02  8.136640e-04  8.136640e-04  1.000000e+00  1.000000e+00  9.993703e-15
58.900000 -3.335209e-02  2.487851e-03  2.487851e-03  1.000000e+00  1.000000e+00  6.972779e-16
59.000000 -2.666251e-02  4.132333e-03  4.132333e-03  1.000000e+00  1.000000e+00  3.883083e-15
59.100000 -2.108741e-02  5.731332e-03  5.731332e-03  1.000000e+00  1.000000e+00  9.836896e-16
59.200000 -1.631806e-02  7.269558e-03  7.269558e-03  1.000000e+00  1.000000e+00  5.369140e-16
59.300000 -1.216328e-02  8.732358e-03  8.732358e-03  1.000000e+00  1.000000e+00  9.932732e-17
59.400000 -8.499912e-03  1.010585e-02  1.010585e-02  1.000000e+00  1.000000e+00  6.007937e-16
59.500000 -5.246121e-03  1.137706e-02  1.137706e-02  1.000000e+00  1.000000e+00  5.336643e-16
59.600000 -2.346174e-03  1.253405e-02  1.253405e-02  1.000000e+00  1.000000e+00  3.460023e-16
59.700000  2.387519e-04  1.356600e-02  1.356600e-02  9.654102e-01  9.654102e-01  6.393645e-16
59.800000  2.536322e-03  1.446335e-02  1.446335e-02  7.016034e-01  7.016034e-01  4.197875e-16
59.900000  4.566789e-03  1.521787e-02  1.521787e-02  5.383504e-01  5.383504e-01  2.279851e-16
60.000000  6.345503e-03  1.582272e-02  1.582272e-02  4.275136e-01  4.275136e-01  0.000000e+00
60.100000  7.884638e-03  1.627255e-02  1.627255e-02  3.472221e-01  3.472221e-01  3.198129e-16
60.200000  9.194404e-03  1.656350e-02  1.656350e-02  2.860906e-01  2.860906e-01  1.047317e-16
60.300000  1.028391e-02  1.669327e-02  1.669327e-02  2.375846e-01  2.375846e-01  4.156700e-16
60.400000  1.116179e-02  1.666114e-02  1.666114e-02  1.976552e-01  1.976552e-01  5.205898e-16
60.500000  1.183664e-02  1.646791e-02  1.646791e-02  1.636228e-01  1.636228e-01  3.160188e-16
60.600000  1.231737e-02  1.611599e-02  1.611599e-02  1.335973e-01  1.335973e-01  5.381994e-16
60.700000  1.261339e-02  1.560928e-02  1.560928e-02  1.061517e-01  1.061517e-01  5.556705e-16
60.800000  1.273481e-02  1.495317e-02  1.495317e-02  8.012021e-02  8.012021e-02  3.480311e-16
60.900000  1.269248e-02  1.415450e-02  1.415450e-02  5.445728e-02  5.445728e-02  9.804508e-16
61.000000  1.249812e-02  1.322143e-02  1.322143e-02  2.812291e-02  2.812291e-02  4.592191e-16
61.100000  1.216425e-02  1.216342e-02  1.216342e-02  3.410702e-05  3.410702e-05  2.852362e-16
61.200000  1.170423e-02  1.099111e-02  1.099111e-02  3.142176e-02  3.142176e-02  9.469784e-16
61.300000  1.113222e-02  9.716197e-03  9.716197e-03  6.791978e-02  6.791978e-02  3.570787e-16
61.400000  1.046305e-02  8.351352e-03  8.351352e-03  1.122386e-01  1.122386e-01  1.246306e-15
61.500000  9.712248e-03  6.910066e-03  6.910066e-03  1.685796e-01  1.685796e-01  1.129693e-15
61.600000  8.895841e-03  5.406532e-03  5.406532e-03  2.439672e-01  2.439672e-01  9.625709e-16
61.700000  8.030319e-03  3.855501e-03  3.855501e-03  3.512435e-01  3.512435e-01  3.374510e-16
61.800000  7.132493e-03  2.272140e-03  2.272140e-03  5.168040e-01  5.168040e-01  3.817377e-15
61.900000  6.219383e-03  6.718822e-04  6.718822e-04  8.050047e-01  8.050047e-01  1.597542e-14
62.000000  5.308095e-03 -9.297239e-04 -9.297239e-04  1.000000e+00  1.000000e+00  1.271109e-14
62.100000  4.415696e-03 -2.517162e-03 -2.517162e-03  1.000000e+00  1.000000e+00  4.393385e-15
62.200000  3.559094e-03 -4.075101e-03 -4.075101e-03  1.000000e+00  1.000000e+00  1.064221e-15
62.300000  2.754917e-03 -5.588542e-03 -5.588542e-03  1.000000e+00  1.000000e+00  9.312215e-16
62.400000  2.019403e-03 -7.042961e-03 -7.042961e-03  1.000000e+00  1.000000e+00  6.157649e-16
62.500000  1.368297e-03 -8.424451e-03 -8.424451e-03  1.000000e+00  1.000000e+00  2.059153e-16
62.600000  8.167573e-04 -9.719851e-03 -9.719851e-03  1.000000e+00  1.000000e+00  1.784722e-16
62.700000  3.792814e-04 -1.091688e-02 -1.091688e-02  1.000000e+00  1.000000e+00  2.383544e-16
62.800000  6.964707e-05 -1.200423e-02 -1.200423e-02  1.000000e+00  1.000000e+00  5.057827e-16
62.900000 -9.912271e-05 -1.297171e-02 -1.297171e-02  9.848330e-01  9.848330e-01  5.349251e-16
63.000000 -1.147669e-04 -1.381031e-02 -1.381031e-02  9.835165e-01  9.835165e-01  3.140268e-16
63.100000  3.424084e-05 -1.451230e-02 -1.451230e-02  1.000000e+00  1.000000e+00  6.574408e-16
63.200000  3.587630e-04 -1.507129e-02 -1.507129e-02  1.000000e+00  1.000000e+00  1.151012e-16
63.300000  8.691228e-04 -1.548231e-02 -1.548231e-02  1.000000e+00  1.000000e+00  1.008410e-15
63.400000  1.575300e-03 -1.574181e-02 -1.574181e-02  1.000000e+00  1.000000e+00  3.305954e-16
63.500000  2.487221e-03 -1.584775e-02 -1.584775e-02  1.000000e+00  1.000000e+00  5.473091e-16
63.600000  3.615172e-03 -1.579957e-02 -1.579957e-02  1.000000e+00  1.000000e+00  4.391825e-16
63.700000  4.970390e-03 -1.559821e-02 -1.559821e-02  1.000000e+00  1.000000e+00  7.784910e-16
63.800000  6.565905e-03 -1.524608e-02 -1.524608e-02  1.000000e+00  1.000000e+00  1.592942e-15
63.900000  8.417749e-03 -1.474707e-02 -1.474707e-02  1.000000e+00  1.000000e+00  5.881585e-16
64.000000  1.054673e-02 -1.410647e-02 -1.410647e-02  1.000000e+00  1.000000e+00  6.148682e-17
64.100000  1.298106e-02 -1.333091e-02 -1.333091e-02  1.000000e+00  1.000000e+00  2.602559e-16
64.200000  1.576045e-02 -1.242833e-02 -1.242833e-02  1.000000e+00  1.000000e+00  7.676800e-16
64.300000  1.894263e-02 -1.140788e-02 -1.140788e-02  1.000000e+00  1.000000e+00  6.842864e-16
64.400000  2.261406e-02 -1.027982e-02 -1.027982e-02  1.000000e+00  1.000000e+00  1.350004e-15
64.500000  2.690885e-02 -9.055416e-03 -9.055416e-03  1.000000e+00  1.000000e+00  1.245189e-15
64.600000  3.204368e-02 -7.746856e-03 -7.746856e-03  1.000000e+00  1.000000e+00  1.287575e-15
64.700000  3.838766e-02 -6.367092e-03 -6.367092e-03  1.000000e+00  1.000000e+00  1.430370e-15
64.800000  4.661628e-02 -4.929734e-03 -4.929734e-03  1.000000e+00  1.000000e+00  2.815119e-15
64.900000  5.809690e-02 -3.448913e-03 -3.448913e-03  1.000000e+00  1.000000e+00  3.835199e-15
65.000000  7.604942e-02 -1.939139e-03 -1.939139e-03  1.000000e+00  1.000000e+00  6.709382e-15
65.100000  1.102179e-01 -4.151616e-04 -4.151616e-04  1.000000e+00  1.000000e+00  4.661561e-14
65.200000  2.100483e-01  1.108175e-03  1.108175e-03  9.895038e-01  9.895038e-01  2.348081e-15
65.300000 -1.138234e+01  2.616077e-03  2.616077e-03  1.000000e+00  1.000000e+00  1.740640e-15
65.400000 -1.684461e-01  4.093940e-03  4.093940e-03  1.000000e+00  1.000000e+00  2.754242e-15
65.500000 -7.354015e-02  5.527498e-03  5.527498e-03  1.000000e+00  1.000000e+00  1.019964e-15
65.600000 -4.046264e-02  6.902953e-03  6.902953e-03  1.000000e+00  1.000000e+00  2.701493e-15
65.700000 -2.310149e-02  8.207112e-03  8.207112e-03  1.000000e+00  1.000000e+00  1.796631e-15
65.800000 -1.212128e-02  9.427514e-03  9.427514e-03  1.000000e+00  1.000000e+00  7.360258e-16
65.900000 -4.400660e-03  1.055255e-02  1.055255e-02  1.000000e+00  1.000000e+00  1.232918e-15
66.000000  1.396385e-03  1.157156e-02  1.157156e-02  7.846404e-01  7.846404e-01  1.124346e-15
66.100000  5.934739e-03  1.247495e-02  1.247495e-02  3.552592e-01  3.552592e-01  1.321037e-15
66.200000  9.580990e-03  1.325429e-02  1.325429e-02  1.608607e-01  1.608607e-01  8.507211e-16
66.300000  1.255298e-02  1.390236e-02  1.390236e-02  5.100585e-02  5.100585e-02  1.060622e-15
66.400000  1.498795e-02  1.441325e-02  1.441325e-02  1.954693e-02  1.954693e-02  1.323918e-15
66.500000  1.697666e-02  1.478239e-02  1.478239e-02  6.909116e-02  6.909116e-02  7.627794e-16
66.600000  1.858181e-02  1.500661e-02  1.500661e-02  1.064414e-01  1.064414e-01  1.387168e-15
66.700000  1.984857e-02  1.508415e-02  1.508415e-02  1.363886e-01  1.363886e-01  5.750154e-17
66.800000  2.081093e-02  1.501468e-02  1.501468e-02  1.617906e-01  1.617906e-01  9.820486e-16
66.900000  2.149561e-02  1.479932e-02  1.479932e-02  1.844966e-01  1.844966e-01  8.791233e-16
67.000000  2.192461e-02  1.444057e-02  1.444057e-02  2.058022e-01  2.058022e-01  4.204495e-16
67.100000  2.211691e-02  1.394236e-02  1.394236e-02  2.266977e-01  2.266977e-01  1.617474e-15
67.200000  2.208957e-02  1.330992e-02  1.330992e-02  2.480163e-01  2.480163e-01  1.433665e-15
67.300000  2.185849e-02  1.254980e-02  1.254980e-02  2.705365e-01  2.705365e-01  8.293633e-16
67.400000  2.143898e-02  1.166976e-02  1.166976e-02  2.950645e-01  2.950645e-01  3.716278e-16
67.500000  2.084602e-02  1.067873e-02  1.067873e-02  3.225177e-01  3.225177e-01  9.746798e-16
67.600000  2.009456e-02  9.586654e-03  9.586654e-03  3.540255e-01  3.540255e-01  1.538091e-15
67.700000  1.919963e-02  8.404462e-03  8.404462e-03  3.910713e-01  3.910713e-01  3.096076e-16
67.800000  1.817640e-02  7.143917e-03  7.143917e-03  4.357167e-01  4.357167e-01  3.035316e-16
67.900000  1.704023e-02  5.817515e-03  5.817515e-03  4.909808e-01  4.909808e-01  2.236423e-15
68.000000  1.580661e-02  4.438357e-03  4.438357e-03  5.615349e-01  5.615349e-01  2.149665e-15
68.100000  1.449119e-02  3.020020e-03  3.020020e-03  6.550758e-01  6.550758e-01  3.805453e-15
68.200000  1.310963e-02  1.576426e-03  1.576426e-03  7.853166e-01  7.853166e-01  8.390667e-15
68.300000  1.167758e-02  1.217032e-04  1.217032e-04  9.793711e-01  9.793711e-01  5.445365e-14
68.400000  1.021056e-02 -1.329952e-03 -1.329952e-03  1.000000e+00  1.000000e+00  6.114145e-15
68.500000  8.723857e-03 -2.764410e-03 -2.764410e-03  1.000000e+00  1.000000e+00  8.628403e-16
68.600000  7.232442e-03 -4.167752e-03 -4.167752e-03  1.000000e+00  1.000000e+00  6.243378e-16
68.700000  5.750826e-03 -5.526398e-03 -5.526398e-03  1.000000e+00  1.000000e+00  2.040335e-15
68.800000  4.292972e-03 -6.827240e-03 -6.827240e-03  1.000000e+00  1.000000e+00  2.540886e-16
68.900000  2.872178e-03 -8.057771e-03 -8.057771e-03  1.000000e+00  1.000000e+00  1.614643e-15
69.000000  1.500974e-03 -9.206202e-03 -9.206202e-03  1.000000e+00  1.000000e+00  9.421494e-17
69.100000  1.910207e-04 -1.026158e-02 -1.026158e-02  1.000000e+00  1.000000e+00  6.762015e-16
69.200000 -1.046982e-03 -1.121388e-02 -1.121388e-02  8.292155e-01  8.292155e-01  0.000000e+00
69.300000 -2.203385e-03 -1.205411e-02 -1.205411e-02  6.909156e-01  6.909156e-01  2.158670e-16
69.400000 -3.269662e-03 -1.277441e-02 -1.277441e-02  5.924150e-01  5.924150e-01  3.394918e-16
69.500000 -4.238481e-03 -1.336809e-02 -1.336809e-02  5.185343e-01  5.185343e-01  1.946489e-16
69.600000 -5.103757e-03 -1.382973e-02 -1.382973e-02  4.608750e-01  4.608750e-01  1.442496e-15
69.700000 -5.860698e-03 -1.415518e-02 -1.415518e-02  4.143951e-01  4.143951e-01  9.191282e-16
69.800000 -6.505836e-03 -1.434167e-02 -1.434167e-02  3.758642e-01  3.758642e-01  1.088612e-15
69.900000 -7.037050e-03 -1.438776e-02 -1.438776e-02  3.430932e-01  3.430932e-01  1.205694e-15
70.000000 -7.453569e-03 -1.429339e-02 -1.429339e-02  3.145185e-01  3.145185e-01  6.068272e-17
70.100000 -7.755968e-03 -1.405988e-02 -1.405988e-02  2.889602e-01  2.889602e-01  7.402866e-16
70.200000 -7.946152e-03 -1.368989e-02 -1.368989e-02  2.654709e-01  2.654709e-01  5.702204e-16
70.300000 -8.027319e-03 -1.318741e-02 -1.318741e-02  2.432316e-01  2.432316e-01  1.052351e-15
70.400000 -8.003923e-03 -1.255771e-02 -1.255771e-02  2.214701e-01  2.214701e-01  5.525605e-16
70.500000 -7.881611e-03 -1.180728e-02 -1.180728e-02  1.993849e-01  1.993849e-01  2.938397e-16
70.600000 -7.667162e-03 -1.094377e-02 -1.094377e-02  1.760582e-01  1.760582e-01  1.347356e-15
70.700000 -7.368404e-03 -9.975920e-03 -9.975920e-03  1.503383e-01  1.503383e-01  1.565020e-15
70.800000 -6.994131e-03 -8.913458e-03 -8.913458e-03  1.206548e-01  1.206548e-01  0.000000e+00
70.900000 -6.554000e-03 -7.767008e-03 -7.767008e-03  8.470133e-02  8.470133e-02  3.350177e-16
71.000000 -6.058430e-03 -6.547987e-03 -6.547987e-03  3.883393e-02  3.883393e-02  9.934676e-16
71.100000 -5.518489e-03 -5.268486e-03 -5.268486e-03  2.317637e-02  2.317637e-02  1.893269e-15
71.200000 -4.945772e-03 -3.941155e-03 -3.941155e-03  1.130444e-01  1.130444e-01  4.731679e-15
71.300000 -4.352283e-03 -2.579076e-03 -2.579076e-03  2.558239e-01  2.558239e-01  5.633145e-15
71.400000 -3.750304e-03 -1.195636e-03 -1.195636e-03  5.165182e-01  5.165182e-01  7.254397e-15
71.500000 -3.152269e-03  1.956067e-04  1.956067e-04  1.000000e+00  1.000000e+00  9.048564e-14
71.600000 -2.570630e-03  1.581053e-03  1.581053e-03  1.000000e+00  1.000000e+00  7.954662e-15
71.700000 -2.017733e-03  2.947198e-03  2.947198e-03  1.000000e+00  1.000000e+00  7.946112e-15
71.800000 -1.505685e-03  4.280759e-03  4.280759e-03  1.000000e+00  1.000000e+00  1.013093e-15
71.900000 -1.046232e-03  5.568810e-03  5.568810e-03  1.000000e+00  1.000000e+00  2.959317e-15
72.000000 -6.506384e-04  6.798898e-03  6.798898e-03  1.000000e+00  1.000000e+00  8.930170e-16
72.100000 -3.295711e-04  7.959175e-03  7.959175e-03  1.000000e+00  1.000000e+00  1.634645e-15
72.200000 -9.299357e-05  9.038502e-03  9.038502e-03  1.000000e+00  1.000000e+00  1.055593e-15
72.300000  4.993481e-05  1.002656e-02  1.002656e-02  9.900889e-01  9.900889e-01  1.038077e-15
72.400000  9.094795e-05  1.091395e-02  1.091395e-02  9.834714e-01  9.834714e-01  1.112619e-15
72.500000  2.275244e-05  1.169227e-02  1.169227e-02  9.961157e-01  9.961157e-01  1.483650e-16
72.600000 -1.609052e-04  1.235423e-02  1.235423e-02  1.000000e+00  1.000000e+00  7.020769e-16
72.700000 -4.651845e-04  1.289366e-02  1.289366e-02  1.000000e+00  1.000000e+00  4.708927e-16
72.800000 -8.941110e-04  1.330564e-02  1.330564e-02  1.000000e+00  1.000000e+00  2.607501e-16
72.900000 -1.450553e-03  1.358648e-02  1.358648e-02  1.000000e+00  1.000000e+00  8.299211e-16
73.000000 -2.136212e-03  1.373378e-02  1.373378e-02  1.000000e+00  1.000000e+00  1.578884e-15
73.100000 -2.951641e-03  1.374647e-02  1.374647e-02  1.000000e+00  1.000000e+00  1.892911e-16
73.200000 -3.896271e-03  1.362479e-02  1.362479e-02  1.000000e+00  1.000000e+00  2.546422e-16
73.300000 -4.968474e-03  1.337028e-02  1.337028e-02  1.000000e+00  1.000000e+00  1.102830e-15
73.400000 -6.165647e-03  1.298578e-02  1.298578e-02  1.000000e+00  1.000000e+00  9.351046e-16
73.500000 -7.484336e-03  1.247540e-02  1.247540e-02  1.000000e+00  1.000000e+00  2.085773e-16
73.600000 -8.920400e-03  1.184446e-02  1.184446e-02  1.000000e+00  1.000000e+00  0.000000e+00
73.700000 -1.046923e-02  1.109944e-02  1.109944e-02  1.000000e+00  1.000000e+00  2.344339e-16
73.800000 -1.212606e-02  1.024793e-02  1.024793e-02  1.000000e+00  1.000000e+00  5.078265e-16
73.900000 -1.388637e-02  9.298534e-03  9.298534e-03  1.000000e+00  1.000000e+00  1.585750e-15
74.000000 -1.574647e-02  8.260789e-03  8.260789e-03  1.000000e+00  1.000000e+00  1.889954e-15
74.100000 -1.770435e-02  7.145071e-03  7.145071e-03  1.000000e+00  1.000000e+00  9.104477e-16
74.200000 -1.976095e-02  5.962493e-03  5.962493e-03  1.000000e+00  1.000000e+00  2.036575e-15
74.300000 -2.192218e-02  4.724791e-03  4.724791e-03  1.000000e+00  1.000000e+00  6.425187e-16
74.400000 -2.420226e-02  3.444209e-03  3.444209e-03  1.000000e+00  1.000000e+00  1.762823e-15
74.500000 -2.662961e-02  2.133381e-03  2.133381e-03  1.000000e+00  1.000000e+00  1.524625e-15
74.600000 -2.925803e-02  8.052013e-04  8.052013e-04  1.000000e+00  1.000000e+00  6.665167e-15
74.700000 -3.218963e-02 -5.272981e-04 -5.272981e-04  9.677660e-01  9.677660e-01  3.598256e-15
74.800000 -3.562772e-02 -1.851077e-03 -1.851077e-03  9.012201e-01  9.012201e-01  4.158572e-15
74.900000 -4.001754e-02 -3.153213e-03 -3.153213e-03  8.539190e-01  8.539190e-01  1.650434e-15
75.000000 -4.651242e-02 -4.421029e-03 -4.421029e-03  8.263998e-01  8.263998e-01  2.844756e-15
75.100000 -5.919385e-02 -5.642215e-03 -5.642215e-03  8.259544e-01  8.259544e-01  9.223630e-16
75.200000 -1.097126e-01 -6.804951e-03 -6.804951e-03  8.831944e-01  8.831944e-01  1.402064e-15
75.300000  8.229359e-02 -7.898016e-03 -7.898016e-03  1.000000e+00  1.000000e+00  1.208022e-15
75.400000 -4.423717e-04 -8.910899e-03 -8.910899e-03  9.054081e-01  9.054081e-01  1.362720e-15
75.500000 -1.517979e-02 -9.833901e-03 -9.833901e-03  2.137185e-01  2.137185e-01  1.234817e-15
75.600000 -2.169065e-02 -1.065823e-02 -1.065823e-02  3.410450e-01  3.410450e-01  3.255182e-16
75.700000 -2.547463e-02 -1.137607e-02 -1.137607e-02  3.825861e-01  3.825861e-01  7.624443e-17
75.800000 -2.795729e-02 -1.198067e-02 -1.198067e-02  4.000359e-01  4.000359e-01  1.737522e-15
75.900000 -2.967101e-02 -1.246642e-02 -1.246642e-02  4.082969e-01  4.082969e-01  1.043637e-15
76.000000 -3.085886e-02 -1.282887e-02 -1.282887e-02  4.127013e-01  4.127013e-01  2.704405e-16
76.100000 -3.164751e-02 -1.306479e-02 -1.306479e-02  4.156063e-01  4.156063e-01  4.647247e-16
76.200000 -3.210982e-02 -1.317220e-02 -1.317220e-02  4.182150e-01  4.182150e-01  9.218705e-16
76.300000 -3.229137e-02 -1.315038e-02 -1.315038e-02  4.212205e-01  4.212205e-01  1.055315e-15
76.400000 -3.222301e-02 -1.299986e-02 -1.299986e-02  4.250758e-01  4.250758e-01  2.668834e-16
76.500000 -3.192734e-02 -1.272246e-02 -1.272246e-02  4.301223e-01  4.301223e-01  1.363512e-16
76.600000 -3.142229e-02 -1.232122e-02 -1.232122e-02  4.366606e-01  4.366606e-01  7.743534e-16
76.700000 -3.072313e-02 -1.180038e-02 -1.180038e-02  4.449951e-01  4.449951e-01  1.102543e-15
76.800000 -2.984377e-02 -1.116534e-02 -1.116534e-02  4.554703e-01  4.554703e-01  9.322009e-16
76.900000 -2.879745e-02 -1.042262e-02 -1.042262e-02  4.685060e-01  4.685060e-01  1.497946e-15
77.000000 -2.759724e-02 -9.579748e-03 -9.579748e-03  4.846410e-01  4.846410e-01  6.337883e-16
77.100000 -2.625630e-02 -8.645246e-03 -8.645246e-03  5.045923e-01  5.045923e-01  1.103610e-15
77.200000 -2.478804e-02 -7.628492e-03 -7.628492e-03  5.293456e-01  5.293456e-01  5.116513e-16
77.300000 -2.320623e-02 -6.539649e-03 -6.539649e-03  5.602988e-01  5.602988e-01  9.284186e-16
77.400000 -2.152497e-02 -5.389563e-03 -5.389563e-03  5.995054e-01  5.995054e-01  2.414004e-16
77.500000 -1.975871e-02 -4.189650e-03 -4.189650e-03  6.501097e-01  6.501097e-01  1.138637e-15
77.600000 -1.792220e-02 -2.951788e-03 -2.951788e-03  7.171803e-01  7.171803e-01  5.876857e-16
77.700000 -1.603038e-02 -1.688194e-03 -1.688194e-03  8.094436e-01  8.094436e-01  5.844258e-15
77.800000 -1.409835e-02 -4.113086e-04 -4.113086e-04  9.433056e-01  9.433056e-01  7.380751e-15
77.900000 -1.214125e-02  8.663280e-04  8.663280e-04  1.000000e+00  1.000000e+00  1.301551e-14
78.000000 -1.017413e-02  2.132200e-03  2.132200e-03  1.000000e+00  1.000000e+00  2.745845e-15
78.100000 -8.211907e-03  3.373938e-03  3.373938e-03  1.000000e+00  1.000000e+00  5.013001e-15
78.200000 -6.269176e-03  4.579438e-03  4.579438e-03  1.000000e+00  1.000000e+00  2.462246e-15
78.300000 -4.360158e-03  5.736983e-03  5.736983e-03  1.000000e+00  1.000000e+00  5.291573e-16
78.400000 -2.498564e-03  6.835352e-03  6.835352e-03  1.000000e+00  1.000000e+00  1.078595e-15
78.500000 -6.974922e-04  7.863932e-03  7.863932e-03  1.000000e+00  1.000000e+00  5.514809e-16
78.600000  1.030671e-03  8.812822e-03  8.812822e-03  7.905884e-01  7.905884e-01  9.842044e-17
78.700000  2.674348e-03  9.672921e-03  9.672921e-03  5.668114e-01  5.668114e-01  9.863597e-16
78.800000  4.222863e-03  1.043602e-02  1.043602e-02  4.238495e-01  4.238495e-01  1.412909e-15
78.900000  5.666517e-03  1.109490e-02  1.109490e-02  3.238617e-01  3.238617e-01  0.000000e+00
79.000000  6.996665e-03  1.164334e-02  1.164334e-02  2.492850e-01  2.492850e-01  2.979770e-16
79.100000  8.205776e-03  1.207625e-02  1.207625e-02  1.908327e-01  1.908327e-01  8.618853e-16
79.200000  9.287487e-03  1.238967e-02  1.238967e-02  1.431086e-01  1.431086e-01  9.100887e-16
79.300000  1.023664e-02  1.258084e-02  1.258084e-02  1.027369e-01  1.027369e-01  6.894308e-16
79.400000  1.104932e-02  1.264817e-02  1.264817e-02  6.746904e-02  6.746904e-02  5.486085e-16
79.500000  1.172287e-02  1.259132e-02  1.259132e-02  3.571760e-02  3.571760e-02  0.000000e+00
79.600000  1.225589e-02  1.241114e-02  1.241114e-02  6.293842e-03  6.293842e-03  4.193145e-16
79.700000  1.264824e-02  1.210971e-02  1.210971e-02  2.175166e-02  2.175166e-02  1.002754e-15
79.800000  1.290102e-02  1.169028e-02  1.169028e-02  4.923429e-02  4.923429e-02  8.161461e-16
79.900000  1.301655e-02  1.115726e-02  1.115726e-02  7.691344e-02  7.691344e-02  6.996570e-16
80.000000  1.299833e-02  1.051615e-02  1.051615e-02  1.055596e-01  1.055596e-01  9.897485e-16
80.100000  1.285096e-02  9.773494e-03  9.773494e-03  1.360239e-01  1.360239e-01  7.987170e-16
80.200000  1.258013e-02  8.936832e-03  8.936832e-03  1.693221e-01  1.693221e-01  9.705472e-16
80.300000  1.219251e-02  8.014595e-03  8.014595e-03  2.067548e-01  2.067548e-01  2.164456e-16
80.400000  1.169570e-02  7.016036e-03  7.016036e-03  2.500923e-01  2.500923e-01  1.174443e-15
80.500000  1.109810e-02  5.951134e-03  5.951134e-03  3.018886e-01  3.018886e-01  5.829893e-16
80.600000  1.040889e-02  4.830493e-03  4.830493e-03  3.660514e-01  3.660514e-01  2.513835e-15
80.700000  9.637852e-03  3.665241e-03  3.665241e-03  4.489641e-01  4.489641e-01  1.301549e-15
80.800000  8.795309e-03  2.466913e-03  2.466913e-03  5.619136e-01  5.619136e-01  5.449769e-15
80.900000  7.892013e-03  1.247345e-03  1.247345e-03  7.270389e-01  7.270389e-01  1.355965e-14
81.000000  6.939022e-03  1.854885e-05  1.854885e-05  9.946680e-01  9.946680e-01  4.948257e-13
81.100000  5.947594e-03 -1.207399e-03 -1.207399e-03  1.000000e+00  1.000000e+00  1.131437e-14
81.200000  4.929071e-03 -2.418478e-03 -2.418478e-03  1.000000e+00  1.000000e+00  5.379591e-16
81.300000  3.894763e-03 -3.602846e-03 -3.602846e-03  1.000000e+00  1.000000e+00  3.611152e-16
81.400000  2.855839e-03 -4.748948e-03 -4.748948e-03  1.000000e+00  1.000000e+00  3.470215e-15
81.500000  1.823217e-03 -5.845631e-03 -5.845631e-03  1.000000e+00  1.000000e+00  1.557967e-15
81.600000  8.074562e-04 -6.882256e-03 -6.882256e-03  1.000000e+00  1.000000e+00  1.260287e-16
81.700000 -1.813421e-04 -7.848796e-03 -7.848796e-03  9.548346e-01  9.548346e-01  1.105089e-15
81.800000 -1.133630e-03 -8.735935e-03 -8.735935e-03  7.702776e-01  7.702776e-01  7.942932e-16
81.900000 -2.040502e-03 -9.535160e-03 -9.535160e-03  6.474496e-01  6.474496e-01  1.182539e-15
82.000000 -2.893775e-03 -1.023884e-02 -1.023884e-02  5.592995e-01  5.592995e-01  5.929903e-16
82.100000 -3.686061e-03 -1.084029e-02 -1.084029e-02  4.925003e-01  4.925003e-01  8.001274e-17
82.200000 -4.410831e-03 -1.133387e-02 -1.133387e-02  4.397060e-01  4.397060e-01  1.224453e-15
82.300000 -5.062470e-03 -1.171498e-02 -1.171498e-02  3.965150e-01  3.965150e-01  1.480774e-15
82.400000 -5.636319e-03 -1.198015e-02 -1.198015e-02  3.601080e-01  3.601080e-01  5.067993e-16
82.500000 -6.128709e-03 -1.212706e-02 -1.212706e-02  3.285729e-01  3.285729e-01  1.430457e-16
82.600000 -6.536983e-03 -1.215454e-02 -1.215454e-02  3.005405e-01  3.005405e-01  7.136112e-17
82.700000 -6.859509e-03 -1.206262e-02 -1.206262e-02  2.749747e-01  2.749747e-01  3.595247e-16
82.800000 -7.095681e-03 -1.185247e-02 -1.185247e-02  2.510422e-01  2.510422e-01  3.658993e-16
82.900000 -7.245907e-03 -1.152644e-02 -1.152644e-02  2.280232e-01  2.280232e-01  7.524978e-17
83.000000 -7.311587e-03 -1.108800e-02 -1.108800e-02  2.052445e-01  2.052445e-01  7.822526e-16
83.100000 -7.295085e-03 -1.054173e-02 -1.054173e-02  1.820195e-01  1.820195e-01  5.759520e-16
83.200000 -7.199685e-03 -9.893250e-03 -9.893250e-03  1.575836e-01  1.575836e-01  1.052065e-15
83.300000 -7.029538e-03 -9.149160e-03 -9.149160e-03  1.310132e-01  1.310132e-01  9.480233e-17
83.400000 -6.789605e-03 -8.316995e-03 -8.316995e-03  1.011075e-01  1.011075e-01  6.257272e-16
83.500000 -6.485585e-03 -7.405134e-03 -7.405134e-03  6.619881e-02  6.619881e-02  2.342596e-16
83.600000 -6.123839e-03 -6.422718e-03 -6.422718e-03  2.382161e-02  2.382161e-02  1.282936e-15
83.700000 -5.711306e-03 -5.379560e-03 -5.379560e-03  2.991160e-02  2.991160e-02  1.612328e-16
83.800000 -5.255414e-03 -4.286048e-03 -4.286048e-03  1.015952e-01  1.015952e-01  2.327239e-15
83.900000 -4.763986e-03 -3.153038e-03 -3.153038e-03  2.034789e-01  2.034789e-01  1.237894e-15
84.000000 -4.245138e-03 -1.991751e-03 -1.991751e-03  3.612998e-01  3.612998e-01  8.709539e-16
84.100000 -3.707178e-03 -8.136580e-04 -8.136580e-04  6.400409e-01  6.400409e-01  2.092031e-14
84.200000 -3.158504e-03  3.696307e-04  3.696307e-04  1.000000e+00  1.000000e+00  3.717836e-14
84.300000 -2.607499e-03  1.546480e-03  1.546480e-03  1.000000e+00  1.000000e+00  1.121724e-15
84.400000 -2.062420e-03  2.705346e-03  2.705346e-03  1.000000e+00  1.000000e+00  1.282441e-15
84.500000 -1.531304e-03  3.834887e-03  3.834887e-03  1.000000e+00  1.000000e+00  1.130883e-15
84.600000 -1.021859e-03  4.924075e-03  4.924075e-03  1.000000e+00  1.000000e+00  1.673398e-15
84.700000 -5.413665e-04  5.962303e-03  5.962303e-03  1.000000e+00  1.000000e+00  7.273714e-16
84.800000 -9.659198e-05  6.939492e-03  6.939492e-03  1.000000e+00  1.000000e+00  1.124903e-15
84.900000  3.063084e-04  7.846182e-03  7.846182e-03  9.248552e-01  9.248552e-01  1.437094e-15
85.000000  6.618691e-04  8.673628e-03  8.673628e-03  8.582038e-01  8.582038e-01  1.699998e-15
85.100000  9.653910e-04  9.413883e-03  9.413883e-03  8.139772e-01  8.139772e-01  9.213644e-17
85.200000  1.213010e-03  1.005988e-02  1.005988e-02  7.847916e-01  7.847916e-01  8.621991e-17
85.300000  1.401759e-03  1.060548e-02  1.060548e-02  7.665144e-01  7.665144e-01  1.308549e-15
85.400000  1.529615e-03  1.104556e-02  1.104556e-02  7.567246e-01  7.567246e-01  1.099362e-15
85.500000  1.595548e-03  1.137604e-02  1.137604e-02  7.539934e-01  7.539934e-01  9.911800e-16
85.600000  1.599549e-03  1.159392e-02  1.159392e-02  7.575241e-01  7.575241e-01  1.122177e-15
85.700000  1.542655e-03  1.169732e-02  1.169732e-02  7.669701e-01  7.669701e-01  8.156552e-16
85.800000  1.426964e-03  1.168549e-02  1.168549e-02  7.823498e-01  7.823498e-01  8.907067e-16
85.900000  1.255637e-03  1.155880e-02  1.155880e-02  8.040277e-01  8.040277e-01  2.251173e-16
86.000000  1.032896e-03  1.131877e-02  1.131877e-02  8.327519e-01  8.327519e-01  9.195648e-16
86.100000  7.640068e-04  1.096801e-02  1.096801e-02  8.697570e-01  8.697570e-01  3.163242e-16
86.200000  4.552586e-04  1.051023e-02  1.051023e-02  9.169652e-01  9.169652e-01  9.077803e-16
86.300000  1.139330e-04  9.950168e-03  9.950168e-03  9.773585e-01  9.773585e-01  8.717057e-16
86.400000 -2.517326e-04  9.293564e-03  9.293564e-03  1.000000e+00  1.000000e+00  8.399636e-16
86.500000 -6.325875e-04  8.547093e-03  8.547093e-03  1.000000e+00  1.000000e+00  8.118426e-16
86.600000 -1.018615e-03  7.718298e-03  7.718298e-03  1.000000e+00  1.000000e+00  5.618867e-17
86.700000 -1.398980e-03  6.815514e-03  6.815514e-03  1.000000e+00  1.000000e+00  1.208997e-15
86.800000 -1.762081e-03  5.847785e-03  5.847785e-03  1.000000e+00  1.000000e+00  2.224847e-16
86.900000 -2.095597e-03  4.824772e-03  4.824772e-03  1.000000e+00  1.000000e+00  1.348294e-15
87.000000 -2.386533e-03  3.756660e-03  3.756660e-03  1.000000e+00  1.000000e+00  1.212154e-15
87.100000 -2.621249e-03  2.654053e-03  2.654053e-03  1.000000e+00  1.000000e+00  1.388927e-15
87.200000 -2.785493e-03  1.527871e-03  1.527871e-03  1.000000e+00  1.000000e+00  1.298598e-14
87.300000 -2.864393e-03  3.892409e-04  3.892409e-04  1.000000e+00  1.000000e+00  2.611338e-14
87.400000 -2.842446e-03 -7.506124e-04 -7.506124e-04  5.821875e-01  5.821875e-01  2.022193e-15
87.500000 -2.703460e-03 -1.880477e-03 -1.880477e-03  1.795364e-01  1.795364e-01  1.153114e-15
87.600000 -2.430450e-03 -2.989263e-03 -2.989263e-03  1.031075e-01  1.031075e-01  2.611431e-15
87.700000 -2.005476e-03 -4.066115e-03 -4.066115e-03  3.393902e-01  3.393902e-01  3.199719e-15
87.800000 -1.409396e-03 -5.100512e-03 -5.100512e-03  5.669998e-01  5.669998e-01  3.401077e-16
87.900000 -6.214952e-04 -6.082377e-03 -6.082377e-03  8.145862e-01  8.145862e-01  7.130122e-16
88.000000  3.810346e-04 -7.002169e-03 -7.002169e-03  1.000000e+00  1.000000e+00  8.051578e-16
88.100000  1.623855e-03 -7.850982e-03 -7.850982e-03  1.000000e+00  1.000000e+00  3.314344e-16
88.200000  3.136561e-03 -8.620624e-03 -8.620624e-03  1.000000e+00  1.000000e+00  1.408606e-15
88.300000  4.954239e-03 -9.303701e-03 -9.303701e-03  1.000000e+00  1.000000e+00  1.211959e-15
88.400000  7.119750e-03 -9.893687e-03 -9.893687e-03  1.000000e+00  1.000000e+00  7.013456e-16
88.500000  9.687112e-03 -1.038499e-02 -1.038499e-02  1.000000e+00  1.000000e+00  8.352074e-16
88.600000  1.272665e-02 -1.077298e-02 -1.077298e-02  1.000000e+00  1.000000e+00  8.051267e-17
88.700000  1.633303e-02 -1.105409e-02 -1.105409e-02  1.000000e+00  1.000000e+00  1.412374e-15
88.800000  2.063828e-02 -1.122579e-02 -1.122579e-02  1.000000e+00  1.000000e+00  2.317953e-16
88.900000  2.583369e-02 -1.128662e-02 -1.128662e-02  1.000000e+00  1.000000e+00  7.684868e-17
89.000000  3.220858e-02 -1.123623e-02 -1.123623e-02  1.000000e+00  1.000000e+00  3.859664e-16
89.100000  4.022348e-02 -1.107538e-02 -1.107538e-02  1.000000e+00  1.000000e+00  3.132577e-16
89.200000  5.065891e-02 -1.080587e-02 -1.080587e-02  1.000000e+00  1.000000e+00  0.000000e+00
89.300000  6.495083e-02 -1.043061e-02 -1.043061e-02  1.000000e+00  1.000000e+00  6.652432e-16
89.400000  8.605702e-02 -9.953524e-03 -9.953524e-03  1.000000e+00  1.000000e+00  3.485647e-16
89.500000  1.211874e-01 -9.379528e-03 -9.379528e-03  1.000000e+00  1.000000e+00  6.473175e-16
89.600000  1.936915e-01 -8.714485e-03 -8.714485e-03  1.000000e+00  1.000000e+00  1.194372e-15
89.700000  4.453535e-01 -7.965140e-03 -7.965140e-03  1.000000e+00  1.000000e+00  3.266842e-16
89.800000 -1.669146e+00 -7.139053e-03 -7.139053e-03  9.914823e-01  9.914823e-01  9.719627e-16
89.900000 -2.883499e-01 -6.244524e-03 -6.244524e-03  9.576060e-01  9.576060e-01  6.250481e-16
90.000000 -1.546406e-01 -5.290507e-03 -5.290507e-03  9.338402e-01  9.338402e-01  1.639468e-16
90.100000 -1.028831e-01 -4.286521e-03 -4.286521e-03  9.200049e-01  9.200049e-01  1.214078e-15
90.200000 -7.468944e-02 -3.242559e-03 -3.242559e-03  9.167849e-01  9.167849e-01  3.811775e-15
90.300000 -5.650062e-02 -2.168983e-03 -2.168983e-03  9.260611e-01  9.260611e-01  1.999466e-16
90.400000 -4.349883e-02 -1.076427e-03 -1.076427e-03  9.517030e-01  9.517030e-01  5.942618e-15
90.500000 -3.354647e-02  2.431407e-05  2.431407e-05  1.000000e+00  1.000000e+00  6.454627e-13
90.600000 -2.555397e-02  1.122385e-03  1.122385e-03  1.000000e+00  1.000000e+00  1.139857e-14
90.700000 -1.891077e-02  2.206983e-03  2.206983e-03  1.000000e+00  1.000000e+00  1.110247e-14
90.800000 -1.325050e-02  3.267459e-03  3.267459e-03  1.000000e+00  1.000000e+00  1.659091e-15
90.900000 -8.341878e-03  4.293425e-03  4.293425e-03  1.000000e+00  1.000000e+00  5.353555e-15
91.000000 -4.033048e-03  5.274855e-03  5.274855e-03  1.000000e+00  1.000000e+00  3.535316e-15
91.100000 -2.212444e-04  6.202182e-03  6.202182e-03  1.000000e+00  1.000000e+00  1.887946e-15
91.200000  3.164827e-03  7.066393e-03  7.066393e-03  3.813392e-01  3.813392e-01  1.411563e-15
91.300000  6.175675e-03  7.859115e-03  7.859115e-03  1.199476e-01  1.199476e-01  1.103638e-16
91.400000  8.847786e-03  8.572696e-03  8.572696e-03  1.579114e-02  1.579114e-02  1.821190e-15
91.500000  1.120805e-02  9.200282e-03  9.200282e-03  9.837971e-02  9.837971e-02  4.713778e-16
91.600000  1.327674e-02  9.735877e-03  9.735877e-03  1.538662e-01  1.538662e-01  1.870874e-15
91.700000  1.506960e-02  1.017441e-02  1.017441e-02  1.939153e-01  1.939153e-01  6.819950e-16
91.800000  1.659929e-02  1.051176e-02  1.051176e-02  2.245407e-01  2.245407e-01  7.426214e-16
91.900000  1.787642e-02  1.074483e-02  1.074483e-02  2.491714e-01  2.491714e-01  8.072365e-17
92.000000  1.891037e-02  1.087154e-02  1.087154e-02  2.699230e-01  2.699230e-01  8.776103e-16
92.100000  1.970979e-02  1.089089e-02  1.089089e-02  2.881929e-01  2.881929e-01  7.964105e-17
92.200000  2.028307e-02  1.080290e-02  1.080290e-02  3.049663e-01  3.049663e-01  8.028972e-16
92.300000  2.063864e-02  1.060867e-02  1.060867e-02  3.209865e-01  3.209865e-01  8.993567e-16
92.400000  2.078517e-02  1.031035e-02  1.031035e-02  3.368595e-01  3.368595e-01  5.047522e-16
92.500000  2.073176e-02  9.911086e-03  9.911086e-03  3.531223e-01  3.531223e-01  1.137686e-15
92.600000  2.048804e-02  9.415037e-03  9.415037e-03  3.702963e-01  3.702963e-01  1.474002e-15
92.700000  2.006423e-02  8.827293e-03  8.827293e-03  3.889355e-01  3.889355e-01  1.866923e-15
92.800000  1.947121e-02  8.153837e-03  8.153837e-03  4.096780e-01  4.096780e-01  9.573720e-16
92.900000  1.872048e-02  7.401487e-03  7.401487e-03  4.333131e-01  4.333131e-01  1.699219e-15
93.000000  1.782417e-02  6.577823e-03  6.577823e-03  4.608782e-01  4.608782e-01  7.911691e-16
93.100000  1.679501e-02  5.691109e-03  5.691109e-03  4.938113e-01  4.938113e-01  6.858290e-16
93.200000  1.564626e-02  4.750216e-03  4.750216e-03  5.342122e-01  5.342122e-01  3.012804e-15
93.300000  1.439168e-02  3.764528e-03  3.764528e-03  5.853179e-01  5.853179e-01  8.064135e-16
93.400000  1.304541e-02  2.743851e-03  2.743851e-03  6.524409e-01  6.524409e-01  6.164166e-15
93.500000  1.162191e-02  1.698317e-03  1.698317e-03  7.450018e-01  7.450018e-01  1.334252e-14
93.600000  1.013585e-02  6.382785e-04  6.382785e-04  8.815165e-01  8.815165e-01  7.898652e-15
93.700000  8.602038e-03 -4.257878e-04 -4.257878e-04  1.000000e+00  1.000000e+00  3.832248e-14
93.800000  7.035285e-03 -1.483389e-03 -1.483389e-03  1.000000e+00  1.000000e+00  1.242522e-15
93.900000  5.450321e-03 -2.524116e-03 -2.524116e-03  1.000000e+00  1.000000e+00  1.718150e-15
94.000000  3.861678e-03 -3.537750e-03 -3.537750e-03  1.000000e+00  1.000000e+00  2.635613e-15
94.100000  2.283583e-03 -4.514358e-03 -4.514358e-03  1.000000e+00  1.000000e+00  4.899418e-15
94.200000  7.298581e-04 -5.444394e-03 -5.444394e-03  1.000000e+00  1.000000e+00  1.433815e-15
94.300000 -7.861905e-04 -6.318789e-03 -6.318789e-03  7.786931e-01  7.786931e-01  1.235404e-15
94.400000 -2.251865e-03 -7.129043e-03 -7.129043e-03  5.199046e-01  5.199046e-01  1.885822e-15
94.500000 -3.655174e-03 -7.867304e-03 -7.867304e-03  3.655577e-01  3.655577e-01  1.984480e-15
94.600000 -4.984917e-03 -8.526446e-03 -8.526446e-03  2.621148e-01  2.621148e-01  2.034521e-15
94.700000 -6.230771e-03 -9.100138e-03 -9.100138e-03  1.871622e-01  1.871622e-01  1.810948e-15
94.800000 -7.383360e-03 -9.582903e-03 -9.582903e-03  1.296422e-01  1.296422e-01  2.081762e-15
94.900000 -8.434320e-03 -9.970173e-03 -9.970173e-03  8.344989e-02  8.344989e-02  8.699566e-16
95.000000 -9.376359e-03 -1.025833e-02 -1.025833e-02  4.491889e-02  4.491889e-02  1.606487e-15
95.100000 -1.020330e-02 -1.044473e-02 -1.044473e-02  1.169273e-02  1.169273e-02  4.982579e-16
95.200000 -1.091012e-02 -1.052776e-02 -1.052776e-02  1.783572e-02  1.783572e-02  5.767163e-16
95.300000 -1.149298e-02 -1.050681e-02 -1.050681e-02  4.482628e-02  4.482628e-02  1.403389e-15
95.400000 -1.194923e-02 -1.038231e-02 -1.038231e-02  7.016648e-02  7.016648e-02  2.506269e-16
95.500000 -1.227742e-02 -1.015568e-02 -1.015568e-02  9.458079e-02  9.458079e-02  0.000000e+00
95.600000 -1.247731e-02 -9.829390e-03 -9.829390e-03  1.187051e-01  1.187051e-01  2.647250e-16
95.700000 -1.254982e-02 -9.406849e-03 -9.406849e-03  1.431441e-01  1.431441e-01  4.610267e-16
95.800000 -1.249703e-02 -8.892425e-03 -8.892425e-03  1.685224e-01  1.685224e-01  6.827757e-16
95.900000 -1.232214e-02 -8.291380e-03 -8.291380e-03  1.955396e-01  1.955396e-01  1.673761e-15
96.000000 -1.202942e-02 -7.609817e-03 -7.609817e-03  2.250395e-01  2.250395e-01  1.367752e-15
96.100000 -1.162416e-02 -6.854623e-03 -6.854623e-03  2.581087e-01  2.581087e-01  8.224889e-16
96.200000 -1.111258e-02 -6.033395e-03 -6.033395e-03  2.962319e-01  2.962319e-01  1.365721e-15
96.300000 -1.050181e-02 -5.154367e-03 -5.154367e-03  3.415547e-01  3.415547e-01  5.048312e-16
96.400000 -9.799753e-03 -4.226325e-03 -4.226325e-03  3.973618e-01  3.973618e-01  3.078425e-16
96.500000 -9.015045e-03 -3.258522e-03 -3.258522e-03  4.690180e-01  4.690180e-01  6.654565e-16
96.600000 -8.156938e-03 -2.260581e-03 -2.260581e-03  5.660039e-01  5.660039e-01  1.083923e-14
96.700000 -7.235210e-03 -1.242407e-03 -1.242407e-03  7.068971e-01  7.068971e-01  1.247908e-14
96.800000 -6.260070e-03 -2.140812e-04 -2.140812e-04  9.338659e-01  9.338659e-01  3.545111e-14
96.900000 -5.242051e-03  8.142338e-04  8.142338e-04  1.000000e+00  1.000000e+00  2.762990e-14
97.000000 -4.191909e-03  1.832396e-03  1.832396e-03  1.000000e+00  1.000000e+00  2.189236e-15
97.100000 -3.120514e-03  2.830386e-03  2.830386e-03  1.000000e+00  1.000000e+00  8.274055e-15
97.200000 -2.038751e-03  3.798400e-03  3.798400e-03  1.000000e+00  1.000000e+00  4.795334e-15
97.300000 -9.574081e-04  4.726951e-03  4.726951e-03  1.000000e+00  1.000000e+00  3.853350e-15
97.400000  1.129162e-04  5.606963e-03  5.606963e-03  9.605180e-01  9.605180e-01  1.469590e-15
97.500000  1.161917e-03  6.429852e-03  6.429852e-03  6.939008e-01  6.939008e-01  3.304954e-15
97.600000  2.179675e-03  7.187617e-03  7.187617e-03  5.346200e-01  5.346200e-01  2.111803e-15
97.700000  3.156748e-03  7.872917e-03  7.872917e-03  4.275895e-01  4.275895e-01  2.533917e-15
97.800000  4.084251e-03  8.479136e-03  8.479136e-03  3.498169e-01  3.498169e-01  0.000000e+00
97.900000  4.953938e-03  9.000456e-03  9.000456e-03  2.899816e-01  2.899816e-01  2.987428e-15
98.000000  5.758268e-03  9.431903e-03  9.431903e-03  2.418429e-01  2.418429e-01  1.287446e-15
98.100000  6.490471e-03  9.769405e-03  9.769405e-03  2.016580e-01  2.016580e-01  2.485937e-15
98.200000  7.144599e-03  1.000982e-02  1.000982e-02  1.670252e-01  1.670252e-01  6.932087e-16
98.300000  7.715575e-03  1.015097e-02  1.015097e-02  1.363103e-01  1.363103e-01  8.544619e-16
98.400000  8.199227e-03  1.019166e-02  1.019166e-02  1.083382e-01  1.083382e-01  1.702100e-16
98.500000  8.592316e-03  1.013170e-02  1.013170e-02  8.221456e-02  8.221456e-02  3.424347e-16
98.600000  8.892551e-03  9.971878e-03  9.971878e-03  5.721491e-02  5.721491e-02  1.304712e-15
98.700000  9.098604e-03  9.713968e-03  9.713968e-03  3.271022e-02  3.271022e-02  4.464508e-16
98.800000  9.210102e-03  9.360713e-03  9.360713e-03  8.110103e-03  8.110103e-03  1.019258e-15
98.900000  9.227618e-03  8.915790e-03  8.915790e-03  1.718681e-02  1.718681e-02  7.782702e-16
99.000000  9.152652e-03  8.383773e-03  8.383773e-03  4.384469e-02  4.384469e-02  4.138288e-16
99.100000  8.987602e-03  7.770084e-03  7.770084e-03  7.265432e-02  7.265432e-02  1.562797e-15
99.200000  8.735727e-03  7.080943e-03  7.080943e-03  1.046228e-01  1.046228e-01  6.124621e-16
99.300000  8.401098e-03  6.323300e-03  6.323300e-03  1.411127e-01  1.411127e-01  8.230150e-16
99.400000  7.988551e-03  5.504768e-03  5.504768e-03  1.840750e-01  1.840750e-01  1.102959e-15
99.500000  7.503620e-03  4.633546e-03  4.633546e-03  2.364699e-01  2.364699e-01  1.403938e-15
99.600000  6.952478e-03  3.718336e-03  3.718336e-03  3.030829e-01  3.030829e-01  3.965523e-15
99.700000  6.341858e-03  2.768259e-03  2.768259e-03  3.922670e-01  3.922670e-01  6.579802e-15
99.800000  5.678983e-03  1.792760e-03  1.792760e-03  5.201228e-01  5.201228e-01  6.108148e-15
99.900000  4.971482e-03  8.015158e-04  8.015158e-04  7.223225e-01  7.223225e-01  7.439793e-15
100.000000  4.227307e-03 -1.956579e-04 -1.956579e-04  1.000000e+00  1.000000e+00  6.850453e-14
