terms      sum_up           sum_down         rel_diff      
       1   1.00000000e+00   1.00000000e+00   0.00000000e+00
       2   1.50000000e+00   1.50000000e+00   0.00000000e+00
       3   1.83333337e+00   1.83333337e+00   0.00000000e+00
       4   2.08333349e+00   2.08333325e+00   1.14440915e-07
       5   2.28333354e+00   2.28333330e+00   1.04416891e-07
       6   2.45000029e+00   2.45000005e+00   9.73137020e-08
       7   2.59285736e+00   2.59285712e+00   9.19520673e-08
       8   2.71785736e+00   2.71785712e+00   8.77229951e-08
       9   2.82896852e+00   2.82896829e+00   8.42775663e-08
      10   2.92896843e+00   2.92896843e+00   0.00000000e+00
      16   3.38072896e+00   3.38072920e+00   7.05228302e-08
      22   3.69081330e+00   3.69081330e+00   0.00000000e+00
      28   3.92717123e+00   3.92717099e+00   6.07100077e-08
      34   4.11821032e+00   4.11820984e+00   1.15787479e-07
      40   4.27854347e+00   4.27854347e+00   0.00000000e+00
      46   4.41668749e+00   4.41668749e+00   0.00000000e+00
      52   4.53804445e+00   4.53804445e+00   0.00000000e+00
      58   4.64625502e+00   4.64625502e+00   0.00000000e+00
      64   4.74389172e+00   4.74389124e+00   1.00516033e-07
      70   4.83283758e+00   4.83283710e+00   9.86660922e-08
      76   4.91451406e+00   4.91451359e+00   9.70263159e-08
      82   4.99002075e+00   4.99001980e+00   1.91116314e-07
      88   5.06022358e+00   5.06022358e+00   0.00000000e+00
      94   5.12582064e+00   5.12581968e+00   1.86053015e-07
     100   5.18737793e+00   5.18737698e+00   1.83845174e-07
     136   5.49354267e+00   5.49354219e+00   8.67995738e-08
     172   5.72761440e+00   5.72761440e+00   0.00000000e+00
     208   5.91715670e+00   5.91715574e+00   1.61171059e-07
     244   6.07643270e+00   6.07643175e+00   1.56946427e-07
     280   6.21379089e+00   6.21378994e+00   1.53477060e-07
     316   6.33454084e+00   6.33453894e+00   3.01102943e-07
     352   6.44226933e+00   6.44226646e+00   4.44101829e-07
     388   6.53951073e+00   6.53950882e+00   2.91665373e-07
     424   6.62812948e+00   6.62812757e+00   2.87765801e-07
     460   6.70952940e+00   6.70952845e+00   1.42137296e-07
     496   6.78480005e+00   6.78479862e+00   2.10840639e-07
     532   6.85479927e+00   6.85479879e+00   6.95625317e-08
     568   6.92021751e+00   6.92021704e+00   6.89049386e-08
     604   6.98161888e+00   6.98161697e+00   2.73195781e-07
     640   7.03946638e+00   7.03946447e+00   2.70950778e-07
     676   7.09414911e+00   7.09414768e+00   2.01646685e-07
     712   7.14599752e+00   7.14599514e+00   3.33639377e-07
     748   7.19529057e+00   7.19528675e+00   5.30166005e-07
     784   7.24226618e+00   7.24226189e+00   5.92568085e-07
     820   7.28713417e+00   7.28712988e+00   5.88919534e-07
     856   7.33007717e+00   7.33007050e+00   9.10730307e-07
     892   7.37124920e+00   7.37124252e+00   9.05643390e-07
     928   7.41079330e+00   7.41078663e+00   9.00810903e-07
     964   7.44883347e+00   7.44882584e+00   1.02424076e-06
    1000   7.48547840e+00   7.48547173e+00   8.91823163e-07
    1216   7.68095350e+00   7.68094969e+00   4.96643850e-07
    1432   7.84439754e+00   7.84439278e+00   6.07869879e-07
    1648   7.98483849e+00   7.98483706e+00   1.79153474e-07
    1864   8.10796356e+00   8.10796356e+00   0.00000000e+00
    2080   8.21758461e+00   8.21758080e+00   4.64211610e-07
    2296   8.31636143e+00   8.31635857e+00   3.44023448e-07
    2512   8.40625381e+00   8.40625000e+00   4.53792893e-07
    2728   8.48872948e+00   8.48872375e+00   6.74075864e-07
    2944   8.56491566e+00   8.56491089e+00   5.56733198e-07
    3160   8.63570595e+00   8.63570213e+00   4.41735523e-07
    3376   8.70181751e+00   8.70181179e+00   6.57569274e-07
    3592   8.76382446e+00   8.76382065e+00   4.35277798e-07
    3808   8.82221222e+00   8.82220745e+00   5.40496274e-07
    4024   8.87737656e+00   8.87737274e+00   4.29710070e-07
    4240   8.92965698e+00   8.92965317e+00   4.27194237e-07
    4456   8.97933960e+00   8.97933578e+00   4.24830574e-07
    4672   9.02667141e+00   9.02666473e+00   7.39555276e-07
    4888   9.07186317e+00   9.07185555e+00   8.40995654e-07
    5104   9.11509991e+00   9.11509418e+00   6.27754787e-07
    5320   9.15654278e+00   9.15653801e+00   5.20761262e-07
    5536   9.19634056e+00   9.19633293e+00   8.29612361e-07
    5752   9.23461151e+00   9.23460484e+00   7.22902371e-07
    5968   9.27147293e+00   9.27146530e+00   8.22889490e-07
    6184   9.30702591e+00   9.30701542e+00   1.12715099e-06
    6400   9.34135342e+00   9.34134483e+00   9.18825378e-07
    6616   9.37454796e+00   9.37453461e+00   1.42422334e-06
    6832   9.40667248e+00   9.40665913e+00   1.41935948e-06
    7048   9.43779278e+00   9.43778324e+00   1.01048499e-06
    7264   9.46797848e+00   9.46796799e+00   1.10798976e-06
    7480   9.49727726e+00   9.49726772e+00   1.00415605e-06
    7696   9.52574348e+00   9.52573299e+00   1.10127087e-06
    7912   9.55342674e+00   9.55341339e+00   1.39755605e-06
    8128   9.58035278e+00   9.58034515e+00   7.96358734e-07
    8344   9.60658360e+00   9.60657120e+00   1.29054979e-06
    8560   9.63214397e+00   9.63212681e+00   1.78217363e-06
    8776   9.65706253e+00   9.65704632e+00   1.67882081e-06
    8992   9.68137360e+00   9.68136024e+00   1.37908626e-06
    9208   9.70510387e+00   9.70509720e+00   6.87856868e-07
    9424   9.72829151e+00   9.72828197e+00   9.80310688e-07
    9640   9.75095177e+00   9.75094318e+00   8.80229209e-07
    9856   9.77311420e+00   9.77310085e+00   1.36614074e-06
   10000   9.78761292e+00   9.78760433e+00   8.76932177e-07
   11296   9.90947151e+00   9.90946865e+00   2.88716052e-07
   12592   1.00180817e+01   1.00180769e+01   4.75976634e-07
   13888   1.01160564e+01   1.01160374e+01   1.88546835e-06
   15184   1.02052479e+01   1.02052507e+01   2.80348161e-07
   16480   1.02871656e+01   1.02871542e+01   1.11246368e-06
   17776   1.03628473e+01   1.03628559e+01   8.28253576e-07
   19072   1.04332161e+01   1.04332247e+01   8.22667289e-07
   20368   1.04989986e+01   1.04989662e+01   3.08838753e-06
   21664   1.05606728e+01   1.05606470e+01   2.43821955e-06
   22960   1.06187639e+01   1.06187496e+01   1.34715538e-06
   24256   1.06736584e+01   1.06736574e+01   8.93484042e-08
   25552   1.07256927e+01   1.07257071e+01   1.33372316e-06
   26848   1.07751656e+01   1.07751827e+01   1.59311924e-06
   28144   1.08223276e+01   1.08223257e+01   1.76242011e-07
   29440   1.08673792e+01   1.08673449e+01   3.15920965e-06
   30736   1.09104033e+01   1.09104242e+01   1.92301013e-06
   32032   1.09517279e+01   1.09517260e+01   1.74159624e-07
   33328   1.09914608e+01   1.09913893e+01   6.50739776e-06
   34624   1.10295420e+01   1.10295372e+01   4.32327340e-07
   35920   1.10662622e+01   1.10662832e+01   1.89592606e-06
   37216   1.11017008e+01   1.11017284e+01   2.49119671e-06
   38512   1.11359434e+01   1.11359596e+01   1.45586694e-06
   39808   1.11690855e+01   1.11690598e+01   2.30540240e-06
   41104   1.12012205e+01   1.12010965e+01   1.10682895e-05
   42400   1.12321348e+01   1.12321396e+01   4.24529333e-07
   43696   1.12621784e+01   1.12622480e+01   6.18157583e-06
   44992   1.12914867e+01   1.12914762e+01   9.29055886e-07
   46288   1.13199139e+01   1.13198786e+01   3.11716190e-06
   47584   1.13474054e+01   1.13474913e+01   7.56387544e-06
   48880   1.13744917e+01   1.13743620e+01   1.14027462e-05
   50176   1.14004469e+01   1.14005308e+01   7.36138099e-06
   51472   1.14260950e+01   1.14260311e+01   5.59214322e-06
   52768   1.14508142e+01   1.14508991e+01   7.41228496e-06
   54064   1.14752560e+01   1.14751625e+01   8.14452142e-06
   55360   1.14987392e+01   1.14988499e+01   9.62067952e-06
   56656   1.15222225e+01   1.15219908e+01   2.01128896e-05
   57952   1.15444918e+01   1.15446062e+01   9.91298293e-06
   59248   1.15667391e+01   1.15667219e+01   1.48409595e-06
   60544   1.15883894e+01   1.15883608e+01   2.46887316e-06
   61840   1.16094007e+01   1.16095409e+01   1.20754967e-05
   63136   1.16304121e+01   1.16302805e+01   1.13158330e-05
   64432   1.16505823e+01   1.16505995e+01   1.47341348e-06
   65728   1.16703577e+01   1.16705141e+01   1.34016063e-05
   67024   1.16901331e+01   1.16900387e+01   8.07639572e-06
   68320   1.17092695e+01   1.17091904e+01   6.76004902e-06
   69616   1.17278090e+01   1.17279825e+01   1.47996479e-05
   70912   1.17463484e+01   1.17464275e+01   6.73866452e-06
   72208   1.17648878e+01   1.17645378e+01   2.97498536e-05
   73504   1.17822933e+01   1.17823277e+01   2.91388301e-06
   74800   1.17995968e+01   1.17998047e+01   1.76191752e-05
   76096   1.18169003e+01   1.18169832e+01   7.02124680e-06
   77392   1.18342037e+01   1.18338699e+01   2.82055917e-05
   78688   1.18505383e+01   1.18504763e+01   5.23090102e-06
   79984   1.18666058e+01   1.18668070e+01   1.69571304e-05
   81280   1.18826733e+01   1.18828821e+01   1.75762507e-05
   82576   1.18987408e+01   1.18987007e+01   3.36627113e-06
   83872   1.19148083e+01   1.19142733e+01   4.49040635e-05
   85168   1.19296532e+01   1.19296064e+01   3.91714093e-06
   86464   1.19444847e+01   1.19447088e+01   1.87627484e-05
   87760   1.19593163e+01   1.19595861e+01   2.25670756e-05
   89056   1.19741478e+01   1.19742460e+01   8.20334390e-06
   90352   1.19889793e+01   1.19886942e+01   2.37845106e-05
   91648   1.20033646e+01   1.20029354e+01   3.57534009e-05
   92944   1.20169601e+01   1.20169802e+01   1.66657321e-06
   94240   1.20305557e+01   1.20308256e+01   2.24334453e-05
   95536   1.20441513e+01   1.20444860e+01   2.77923300e-05
   96832   1.20577469e+01   1.20579615e+01   1.77955972e-05
   98128   1.20713425e+01   1.20712557e+01   7.18931415e-06
   99424   1.20849380e+01   1.20843763e+01   4.64815967e-05
  100000   1.20908508e+01   1.20901518e+01   5.78175604e-05
  107776   1.21650085e+01   1.21650391e+01   2.50863286e-06
  115552   1.22342300e+01   1.22347069e+01   3.89748966e-05
  123328   1.23009720e+01   1.22998343e+01   9.24956257e-05
  131104   1.23603296e+01   1.23609762e+01   5.23104391e-05
  138880   1.24196558e+01   1.24185982e+01   8.51609657e-05
  146656   1.24724531e+01   1.24730835e+01   5.05404023e-05
  154432   1.25243635e+01   1.25247421e+01   3.02293192e-05
  162208   1.25754261e+01   1.25738735e+01   1.23469188e-04
  169984   1.26199207e+01   1.26206923e+01   6.11334253e-05
  177760   1.26644154e+01   1.26654224e+01   7.95172964e-05
  185536   1.27089100e+01   1.27082310e+01   5.34297797e-05
  193312   1.27508659e+01   1.27492876e+01   1.23789927e-04
  201088   1.27879448e+01   1.27887344e+01   6.17470578e-05
  208864   1.28250237e+01   1.28266706e+01   1.28412226e-04
  216640   1.28621025e+01   1.28632193e+01   8.68212737e-05
  224416   1.28991814e+01   1.28984871e+01   5.38246240e-05
  232192   1.29362602e+01   1.29325523e+01   2.86668423e-04
  239968   1.29667091e+01   1.29654856e+01   9.43664199e-05
  247744   1.29963722e+01   1.29973745e+01   7.71194464e-05
  255520   1.30260353e+01   1.30282793e+01   1.72255212e-04
  263296   1.30556984e+01   1.30582666e+01   1.96695139e-04
  271072   1.30853615e+01   1.30873623e+01   1.52892666e-04
  278848   1.31150246e+01   1.31156464e+01   4.74098160e-05
  286624   1.31446877e+01   1.31431770e+01   1.14929084e-04
  294400   1.31743507e+01   1.31699343e+01   3.35288350e-04
  302176   1.32015505e+01   1.31960297e+01   4.18282318e-04
  309952   1.32237978e+01   1.32214088e+01   1.80671996e-04
  317728   1.32460451e+01   1.32461834e+01   1.04394976e-05
  325504   1.32682924e+01   1.32703495e+01   1.55024929e-04
  333280   1.32905397e+01   1.32939730e+01   2.58287793e-04
  341056   1.33127871e+01   1.33170195e+01   3.17869883e-04
  348832   1.33350344e+01   1.33395853e+01   3.41218285e-04
  356608   1.33572817e+01   1.33616209e+01   3.24805122e-04
  364384   1.33795290e+01   1.33831987e+01   2.74242513e-04
  372160   1.34017763e+01   1.34043036e+01   1.88556995e-04
  379936   1.34240236e+01   1.34249887e+01   7.18922820e-05
  387712   1.34462709e+01   1.34452381e+01   7.68145255e-05
  395488   1.34685183e+01   1.34651098e+01   2.53098609e-04
  403264   1.34907656e+01   1.34846058e+01   4.56696755e-04
  411040   1.35130129e+01   1.35037088e+01   6.88762055e-04
  418816   1.35352602e+01   1.35224295e+01   9.48398374e-04
  426592   1.35506773e+01   1.35408344e+01   7.26638886e-04
  434368   1.35655088e+01   1.35589151e+01   4.86182078e-04
  442144   1.35803404e+01   1.35766621e+01   2.70893070e-04
  449920   1.35951719e+01   1.35940742e+01   8.07436227e-05
  457696   1.36100035e+01   1.36111898e+01   8.71652373e-05
  465472   1.36248350e+01   1.36280632e+01   2.36905995e-04
  473248   1.36396666e+01   1.36446314e+01   3.63933010e-04
  481024   1.36544981e+01   1.36609745e+01   4.74192959e-04
  488800   1.36693296e+01   1.36769781e+01   5.59378474e-04
  496576   1.36841612e+01   1.36927195e+01   6.25219021e-04
  504352   1.36989927e+01   1.37082653e+01   6.76651078e-04
  512128   1.37138243e+01   1.37236223e+01   7.14210037e-04
  519904   1.37286558e+01   1.37386131e+01   7.25031190e-04
  527680   1.37434874e+01   1.37534790e+01   7.26745347e-04
  535456   1.37583189e+01   1.37681446e+01   7.13909860e-04
  543232   1.37731504e+01   1.37824850e+01   6.77506730e-04
  551008   1.37879820e+01   1.37967310e+01   6.34337426e-04
  558784   1.38028135e+01   1.38107901e+01   5.77724830e-04
  566560   1.38176451e+01   1.38245306e+01   4.98190057e-04
  574336   1.38324766e+01   1.38381739e+01   4.11790126e-04
  582112   1.38473082e+01   1.38516560e+01   3.13932396e-04
  589888   1.38621397e+01   1.38649387e+01   2.01898962e-04
  597664   1.38769712e+01   1.38779716e+01   7.20883763e-05
  605440   1.38918028e+01   1.38909388e+01   6.21989675e-05
  613216   1.39066343e+01   1.39036894e+01   2.11787992e-04
  620992   1.39214659e+01   1.39163342e+01   3.68687295e-04
  628768   1.39362974e+01   1.39287281e+01   5.43284114e-04
  636544   1.39511290e+01   1.39410629e+01   7.21781398e-04
  644320   1.39659605e+01   1.39531765e+01   9.15787939e-04
  652096   1.39807920e+01   1.39652185e+01   1.11454201e-03
  659872   1.39956236e+01   1.39770594e+01   1.32731092e-03
  667648   1.40104551e+01   1.39888020e+01   1.54669641e-03
  675424   1.40252867e+01   1.40002708e+01   1.78521557e-03
  683200   1.40401182e+01   1.40118628e+01   2.01450754e-03
  690976   1.40549498e+01   1.40230331e+01   2.27342662e-03
  698752   1.40697813e+01   1.40343571e+01   2.52092653e-03
  706528   1.40774813e+01   1.40452890e+01   2.28940672e-03
  714304   1.40848970e+01   1.40562811e+01   2.03374214e-03
  722080   1.40923128e+01   1.40671654e+01   1.78607274e-03
  729856   1.40997286e+01   1.40778103e+01   1.55572826e-03
  737632   1.41071444e+01   1.40884609e+01   1.32527272e-03
  745408   1.41145601e+01   1.40989723e+01   1.10498792e-03
  753184   1.41219759e+01   1.41092319e+01   9.02827131e-04
  760960   1.41293917e+01   1.41195469e+01   6.97001757e-04
  768736   1.41368074e+01   1.41297121e+01   5.02031180e-04
  776512   1.41442232e+01   1.41398649e+01   3.08179762e-04
  784288   1.41516390e+01   1.41497488e+01   1.33575246e-04
  792064   1.41590548e+01   1.41595640e+01   3.59665901e-05
  799840   1.41664705e+01   1.41695232e+01   2.15465290e-04
  807616   1.41738863e+01   1.41790314e+01   3.62930761e-04
  815392   1.41813021e+01   1.41885576e+01   5.11497376e-04
  823168   1.41887178e+01   1.41982050e+01   6.68417080e-04
  830944   1.41961336e+01   1.42076149e+01   8.08434503e-04
  838720   1.42035494e+01   1.42167883e+01   9.31650226e-04
  846496   1.42109652e+01   1.42260666e+01   1.06209633e-03
  854272   1.42183809e+01   1.42352715e+01   1.18723081e-03
  862048   1.42257967e+01   1.42443266e+01   1.30170793e-03
  869824   1.42332125e+01   1.42532654e+01   1.40788977e-03
  877600   1.42406282e+01   1.42622118e+01   1.51448464e-03
  885376   1.42480440e+01   1.42708998e+01   1.60284748e-03
  893152   1.42554598e+01   1.42798090e+01   1.70660473e-03
  900928   1.42628756e+01   1.42884359e+01   1.79048721e-03
  908704   1.42702913e+01   1.42970190e+01   1.87120703e-03
  916480   1.42777071e+01   1.43053961e+01   1.93743699e-03
  924256   1.42851229e+01   1.43140421e+01   2.02238210e-03
  932032   1.42925386e+01   1.43224516e+01   2.09071883e-03
  939808   1.42999544e+01   1.43306389e+01   2.14347430e-03
  947584   1.43073702e+01   1.43388338e+01   2.19670450e-03
  955360   1.43147860e+01   1.43470392e+01   2.25060782e-03
  963136   1.43222017e+01   1.43551273e+01   2.29628128e-03
  970912   1.43296175e+01   1.43634672e+01   2.35943380e-03
  978688   1.43370333e+01   1.43711462e+01   2.37653032e-03
  986464   1.43444490e+01   1.43790636e+01   2.41019018e-03
  994240   1.43518648e+01   1.43868542e+01   2.43499759e-03
 1000000   1.43573580e+01   1.43926516e+01   2.45520473e-03
 1046656   1.44018526e+01   1.44383993e+01   2.53442349e-03
 1093312   1.44463472e+01   1.44819384e+01   2.46064528e-03
 1139968   1.44908419e+01   1.45235672e+01   2.25579878e-03
 1186624   1.45353365e+01   1.45637293e+01   1.95145723e-03
 1233280   1.45798311e+01   1.46027164e+01   1.56842533e-03
 1279936   1.46243258e+01   1.46395321e+01   1.03925716e-03
 1326592   1.46688204e+01   1.46753101e+01   4.42320394e-04
 1373248   1.47133150e+01   1.47101669e+01   2.13984124e-04
 1419904   1.47578096e+01   1.47434196e+01   9.75552015e-04
 1466560   1.48023043e+01   1.47758303e+01   1.79010606e-03
 1513216   1.48467989e+01   1.48070946e+01   2.67784880e-03
 1559872   1.48912935e+01   1.48374214e+01   3.62424739e-03
 1606528   1.49357882e+01   1.48664951e+01   4.65018209e-03
 1653184   1.49802828e+01   1.48950758e+01   5.70416497e-03
 1699840   1.50247774e+01   1.49234028e+01   6.77000219e-03
 1746496   1.50692720e+01   1.49500246e+01   7.94471893e-03
 1793152   1.51137667e+01   1.49767952e+01   9.10394918e-03
 1839808   1.51582613e+01   1.50025177e+01   1.03275580e-02
 1886464   1.52027559e+01   1.50274467e+01   1.15982806e-02
 1933120   1.52472506e+01   1.50514984e+01   1.29214674e-02
 1979776   1.52917452e+01   1.50762482e+01   1.41923781e-02
 2026432   1.53362398e+01   1.50988913e+01   1.55970119e-02
 2073088   1.53807344e+01   1.51213884e+01   1.70051120e-02
 2119744   1.54036827e+01   1.51437359e+01   1.70192327e-02
 2166400   1.54036827e+01   1.51661901e+01   1.55376876e-02
 2213056   1.54036827e+01   1.51876822e+01   1.41216684e-02
 2259712   1.54036827e+01   1.52072821e+01   1.28320456e-02
 2306368   1.54036827e+01   1.52282286e+01   1.14556439e-02
 2353024   1.54036827e+01   1.52480202e+01   1.01568606e-02
 2399680   1.54036827e+01   1.52694521e+01   8.75232462e-03
 2446336   1.54036827e+01   1.52874832e+01   7.57217873e-03
 2492992   1.54036827e+01   1.53060083e+01   6.36114320e-03
 2539648   1.54036827e+01   1.53237352e+01   5.20365685e-03
 2586304   1.54036827e+01   1.53424387e+01   3.98385292e-03
 2632960   1.54036827e+01   1.53617973e+01   2.72288127e-03
 2679616   1.54036827e+01   1.53801346e+01   1.52990292e-03
 2726272   1.54036827e+01   1.53957758e+01   5.13445004e-04
 2772928   1.54036827e+01   1.54120064e+01   5.40222856e-04
 2819584   1.54036827e+01   1.54281712e+01   1.58851617e-03
 2866240   1.54036827e+01   1.54451532e+01   2.68862839e-03
 2912896   1.54036827e+01   1.54624500e+01   3.80788348e-03
 2959552   1.54036827e+01   1.54788609e+01   4.86864988e-03
 3006208   1.54036827e+01   1.54939175e+01   5.84089104e-03
 3052864   1.54036827e+01   1.55093775e+01   6.83819549e-03
 3099520   1.54036827e+01   1.55236158e+01   7.75581039e-03
 3146176   1.54036827e+01   1.55376282e+01   8.65803473e-03
 3192832   1.54036827e+01   1.55535316e+01   9.68103483e-03
 3239488   1.54036827e+01   1.55693541e+01   1.06977792e-02
 3286144   1.54036827e+01   1.55829687e+01   1.15718218e-02
 3332800   1.54036827e+01   1.55955439e+01   1.23784477e-02
 3379456   1.54036827e+01   1.56089106e+01   1.32351303e-02
 3426112   1.54036827e+01   1.56240273e+01   1.42030809e-02
 3472768   1.54036827e+01   1.56384354e+01   1.51247829e-02
 3519424   1.54036827e+01   1.56521454e+01   1.60010345e-02
 3566080   1.54036827e+01   1.56644707e+01   1.67881213e-02
 3612736   1.54036827e+01   1.56779490e+01   1.76481232e-02
 3659392   1.54036827e+01   1.56910458e+01   1.84830725e-02
 3706048   1.54036827e+01   1.57038727e+01   1.93001330e-02
 3752704   1.54036827e+01   1.57150383e+01   2.00108215e-02
 3799360   1.54036827e+01   1.57259064e+01   2.07020827e-02
 3846016   1.54036827e+01   1.57373953e+01   2.14323066e-02
 3892672   1.54036827e+01   1.57498751e+01   2.22249012e-02
 3939328   1.54036827e+01   1.57614460e+01   2.29592044e-02
 3985984   1.54036827e+01   1.57734718e+01   2.37218011e-02
 4032640   1.54036827e+01   1.57871494e+01   2.45884247e-02
 4079296   1.54036827e+01   1.58011742e+01   2.54762564e-02
 4125952   1.54036827e+01   1.58150301e+01   2.63526160e-02
 4172608   1.54036827e+01   1.58251648e+01   2.69931238e-02
 4219264   1.54036827e+01   1.58349333e+01   2.76100952e-02
 4265920   1.54036827e+01   1.58447580e+01   2.82302294e-02
 4312576   1.54036827e+01   1.58540630e+01   2.88171973e-02
 4359232   1.54036827e+01   1.58634081e+01   2.94063427e-02
 4405888   1.54036827e+01   1.58729610e+01   3.00082285e-02
 4452544   1.54036827e+01   1.58833647e+01   3.06632947e-02
 4499200   1.54036827e+01   1.58945446e+01   3.13667543e-02
 4545856   1.54036827e+01   1.59050627e+01   3.20281088e-02
 4592512   1.54036827e+01   1.59149494e+01   3.26493643e-02
 4639168   1.54036827e+01   1.59250498e+01   3.32836360e-02
 4685824   1.54036827e+01   1.59356089e+01   3.39462794e-02
 4732480   1.54036827e+01   1.59459763e+01   3.45964544e-02
 4779136   1.54036827e+01   1.59565048e+01   3.52563001e-02
 4825792   1.54036827e+01   1.59660864e+01   3.58564109e-02
 4872448   1.54036827e+01   1.59773054e+01   3.65586132e-02
 4919104   1.54036827e+01   1.59878702e+01   3.72194089e-02
 4965760   1.54036827e+01   1.59990444e+01   3.79178338e-02
 5012416   1.54036827e+01   1.60111122e+01   3.86715569e-02
 5059072   1.54036827e+01   1.60209980e+01   3.92885655e-02
 5105728   1.54036827e+01   1.60280075e+01   3.97258177e-02
 5152384   1.54036827e+01   1.60348663e+01   4.01534848e-02
 5199040   1.54036827e+01   1.60420513e+01   4.06012833e-02
 5245696   1.54036827e+01   1.60491600e+01   4.10441309e-02
 5292352   1.54036827e+01   1.60564098e+01   4.14955616e-02
 5339008   1.54036827e+01   1.60641117e+01   4.19749133e-02
 5385664   1.54036827e+01   1.60719833e+01   4.24645916e-02
 5432320   1.54036827e+01   1.60806503e+01   4.30034585e-02
 5478976   1.54036827e+01   1.60899925e+01   4.35839780e-02
 5525632   1.54036827e+01   1.60991859e+01   4.41549160e-02
 5572288   1.54036827e+01   1.61091080e+01   4.47707251e-02
 5618944   1.54036827e+01   1.61191750e+01   4.53951396e-02
 5665600   1.54036827e+01   1.61276722e+01   4.59218770e-02
 5712256   1.54036827e+01   1.61353912e+01   4.64001261e-02
 5758912   1.54036827e+01   1.61427517e+01   4.68559451e-02
 5805568   1.54036827e+01   1.61497040e+01   4.72862870e-02
 5852224   1.54036827e+01   1.61571274e+01   4.77455854e-02
 5898880   1.54036827e+01   1.61645927e+01   4.82072607e-02
 5945536   1.54036827e+01   1.61722527e+01   4.86807413e-02
 5992192   1.54036827e+01   1.61809883e+01   4.92204353e-02
 6038848   1.54036827e+01   1.61900444e+01   4.97796088e-02
 6085504   1.54036827e+01   1.61995316e+01   5.03650568e-02
 6132160   1.54036827e+01   1.62087440e+01   5.09332195e-02
 6178816   1.54036827e+01   1.62168198e+01   5.14310002e-02
 6225472   1.54036827e+01   1.62241306e+01   5.18814176e-02
 6272128   1.54036827e+01   1.62315102e+01   5.23358546e-02
 6318784   1.54036827e+01   1.62391739e+01   5.28075695e-02
 6365440   1.54036827e+01   1.62467690e+01   5.32748327e-02
 6412096   1.54036827e+01   1.62542515e+01   5.37349507e-02
 6458752   1.54036827e+01   1.62623138e+01   5.42304814e-02
 6505408   1.54036827e+01   1.62709732e+01   5.47624268e-02
 6552064   1.54036827e+01   1.62788143e+01   5.52438535e-02
 6598720   1.54036827e+01   1.62863255e+01   5.57047985e-02
 6645376   1.54036827e+01   1.62930794e+01   5.61190881e-02
 6692032   1.54036827e+01   1.62988548e+01   5.64732142e-02
 6738688   1.54036827e+01   1.63045578e+01   5.68227731e-02
 6785344   1.54036827e+01   1.63105049e+01   5.71871623e-02
 6832000   1.54036827e+01   1.63166275e+01   5.75621612e-02
 6878656   1.54036827e+01   1.63227386e+01   5.79363145e-02
 6925312   1.54036827e+01   1.63287621e+01   5.83049543e-02
 6971968   1.54036827e+01   1.63339233e+01   5.86207174e-02
 7018624   1.54036827e+01   1.63387756e+01   5.89174852e-02
 7065280   1.54036827e+01   1.63437519e+01   5.92217408e-02
 7111936   1.54036827e+01   1.63497772e+01   5.95900118e-02
 7158592   1.54036827e+01   1.63558807e+01   5.99629171e-02
 7205248   1.54036827e+01   1.63619747e+01   6.03350960e-02
 7251904   1.54036827e+01   1.63678608e+01   6.06944449e-02
 7298560   1.54036827e+01   1.63734322e+01   6.10344559e-02
 7345216   1.54036827e+01   1.63789749e+01   6.13726042e-02
 7391872   1.54036827e+01   1.63850975e+01   6.17459863e-02
 7438528   1.54036827e+01   1.63920593e+01   6.21703751e-02
 7485184   1.54036827e+01   1.63990135e+01   6.25941157e-02
 7531840   1.54036827e+01   1.64063148e+01   6.30388036e-02
 7578496   1.54036827e+01   1.64140091e+01   6.35072067e-02
 7625152   1.54036827e+01   1.64216461e+01   6.39718994e-02
 7671808   1.54036827e+01   1.64293919e+01   6.44429848e-02
 7718464   1.54036827e+01   1.64371681e+01   6.49156943e-02
 7765120   1.54036827e+01   1.64446373e+01   6.53695166e-02
 7811776   1.54036827e+01   1.64523087e+01   6.58354014e-02
 7858432   1.54036827e+01   1.64594727e+01   6.62702695e-02
 7905088   1.54036827e+01   1.64647331e+01   6.65894672e-02
 7951744   1.54036827e+01   1.64694061e+01   6.68729320e-02
 7998400   1.54036827e+01   1.64740677e+01   6.71556145e-02
 8045056   1.54036827e+01   1.64783554e+01   6.74155578e-02
 8091712   1.54036827e+01   1.64826870e+01   6.76780865e-02
 8138368   1.54036827e+01   1.64870396e+01   6.79418221e-02
 8185024   1.54036827e+01   1.64912853e+01   6.81990087e-02
 8231680   1.54036827e+01   1.64955902e+01   6.84597120e-02
 8278336   1.54036827e+01   1.65003281e+01   6.87465519e-02
 8324992   1.54036827e+01   1.65052242e+01   6.90428838e-02
 8371648   1.54036827e+01   1.65117092e+01   6.94352463e-02
 8418304   1.54036827e+01   1.65184669e+01   6.98439330e-02
 8464960   1.54036827e+01   1.65252419e+01   7.02534840e-02
 8511616   1.54036827e+01   1.65319519e+01   7.06589520e-02
 8558272   1.54036827e+01   1.65385780e+01   7.10591748e-02
 8604928   1.54036827e+01   1.65459137e+01   7.15020597e-02
 8651584   1.54036827e+01   1.65534019e+01   7.19539523e-02
 8698240   1.54036827e+01   1.65607033e+01   7.23943561e-02
 8744896   1.54036827e+01   1.65682945e+01   7.28520378e-02
 8791552   1.54036827e+01   1.65758858e+01   7.33094960e-02
 8838208   1.54036827e+01   1.65826683e+01   7.37180412e-02
 8884864   1.54036827e+01   1.65883827e+01   7.40621164e-02
 8931520   1.54036827e+01   1.65942955e+01   7.44180009e-02
 8978176   1.54036827e+01   1.65997620e+01   7.47469068e-02
 9024832   1.54036827e+01   1.66050282e+01   7.50636533e-02
 9071488   1.54036827e+01   1.66101170e+01   7.53696412e-02
 9118144   1.54036827e+01   1.66154900e+01   7.56926015e-02
 9164800   1.54036827e+01   1.66199303e+01   7.59594217e-02
 9211456   1.54036827e+01   1.66235199e+01   7.61750713e-02
 9258112   1.54036827e+01   1.66270943e+01   7.63897523e-02
 9304768   1.54036827e+01   1.66307945e+01   7.66119435e-02
 9351424   1.54036827e+01   1.66345291e+01   7.68361464e-02
 9398080   1.54036827e+01   1.66383018e+01   7.70625919e-02
 9444736   1.54036827e+01   1.66420174e+01   7.72855431e-02
 9491392   1.54036827e+01   1.66457558e+01   7.75098205e-02
 9538048   1.54036827e+01   1.66500244e+01   7.77658373e-02
 9584704   1.54036827e+01   1.66541901e+01   7.80156180e-02
 9631360   1.54036827e+01   1.66576633e+01   7.82238320e-02
 9678016   1.54036827e+01   1.66611519e+01   7.84329101e-02
 9724672   1.54036827e+01   1.66646996e+01   7.86454901e-02
 9771328   1.54036827e+01   1.66681595e+01   7.88527653e-02
 9817984   1.54036827e+01   1.66717682e+01   7.90689141e-02
 9864640   1.54036827e+01   1.66755657e+01   7.92963132e-02
 9911296   1.54036827e+01   1.66791668e+01   7.95118958e-02
 9957952   1.54036827e+01   1.66827583e+01   7.97268599e-02
